W25 G3b — the angular bins on 1x-light / dark-solid__rrect-md__rest
normaliser: the reference's brightest bin, 0.18919 linear luma

bin    reference   p115s000    error   p115s045    error   p085s010    error   p070s015    error
N        0.18882    0.20906  0.02023    0.21205  0.02322    0.21128  0.02246    0.21133  0.02250
NNE      0.03598    0.06435  0.02837    0.03902  0.00304    0.07105  0.03507    0.07446  0.03847
NE       0.03661    0.00439  0.03221   -0.00078  0.03739    0.00952  0.02708    0.01404  0.02257
ENE      0.03815    0.06440  0.02625    0.04129  0.00314    0.07185  0.03370    0.07458  0.03643
E        0.16707    0.19084  0.02377    0.19393  0.02686    0.19284  0.02577    0.19285  0.02578
ESE      0.12588    0.19019  0.06431    0.26082  0.13494    0.18805  0.06217    0.18720  0.06132
SE       0.12739    0.14384  0.01645    0.20347  0.07608    0.13867  0.01128    0.13555  0.00817
SSE      0.12580    0.19152  0.06571    0.27451  0.14870    0.19057  0.06477    0.19128  0.06547
S        0.18919    0.20983  0.02065    0.21307  0.02388    0.21207  0.02288    0.21218  0.02299
SSW      0.03467    0.06536  0.03070    0.03958  0.00492    0.07245  0.03778    0.07614  0.04147
SW       0.03704    0.00509  0.03194   -0.00028  0.03732    0.01074  0.02630    0.01543  0.02160
WSW      0.03620    0.06224  0.02604    0.03949  0.00329    0.07004  0.03384    0.07268  0.03648
W        0.16749    0.19111  0.02363    0.19413  0.02664    0.19282  0.02533    0.19305  0.02556
WNW      0.12688    0.19144  0.06457    0.26443  0.13755    0.18930  0.06242    0.18845  0.06158
NW       0.12223    0.14220  0.01997    0.20344  0.08121    0.13740  0.01517    0.13436  0.01214
NNW      0.12811    0.19023  0.06212    0.27024  0.14213    0.18928  0.06117    0.19025  0.06214
mean                         0.03481             0.05689             0.03545             0.03529
norm                         0.18398             0.30073             0.18738             0.18655
W25 G3b — the angular bins on 1x-dark / dark-solid__rrect-md__rest
normaliser: the reference's brightest bin, 0.02458 linear luma

bin    reference   p115s000    error   p115s045    error   p085s010    error
N        0.02437    0.02501  0.00064    0.02490  0.00053    0.02484  0.00046
NNE      0.00277    0.01104  0.00827    0.00708  0.00431    0.01222  0.00945
NE       0.00123    0.00181  0.00058    0.00104  0.00018    0.00315  0.00193
ENE      0.00350    0.01138  0.00788    0.00766  0.00416    0.01278  0.00928
E        0.02336    0.02472  0.00136    0.02471  0.00135    0.02458  0.00122
ESE      0.02302    0.02694  0.00392    0.03531  0.01229    0.02675  0.00373
SE       0.02342    0.02925  0.00582    0.03969  0.01626    0.02885  0.00543
SSE      0.02432    0.02865  0.00433    0.03882  0.01450    0.02842  0.00411
S        0.02436    0.02497  0.00062    0.02488  0.00052    0.02481  0.00045
SSW      0.00266    0.01120  0.00854    0.00718  0.00452    0.01226  0.00960
SW       0.00117    0.00172  0.00056    0.00099  0.00018    0.00301  0.00184
WSW      0.00321    0.01100  0.00779    0.00738  0.00417    0.01240  0.00919
W        0.02348    0.02478  0.00130    0.02476  0.00128    0.02464  0.00116
WNW      0.02458    0.02854  0.00396    0.03729  0.01272    0.02834  0.00377
NW       0.02452    0.03070  0.00618    0.04174  0.01722    0.03038  0.00586
NNW      0.02379    0.02728  0.00348    0.03694  0.01315    0.02709  0.00330
mean                         0.00408             0.00671             0.00442
norm                         0.16589             0.27294             0.17993
