apple-macos-27.0-1x-dark-standard-glass0.5/checkerboard-32__capsule-button__rest-tint-orange [
  0.02172063719847149,
  0.002626904579306639,
  0.0013908218782747441,
  0.0007844054116182104
]
apple-macos-27.0-1x-dark-standard-glass0.5/checkerboard-32__capsule-button__rest [
  0.046691419498425,
  0.03837742923256291,
  0.03813472082145306,
  0.03823982001838454
]
apple-macos-27.0-1x-dark-standard-glass0.5/checkerboard-32__rrect-lg__inactive [
  0.023681688558394236,
  0.01866074586818593,
  0.01853915056380848,
  0.018409806822307948
]
apple-macos-27.0-1x-dark-standard-glass0.5/checkerboard-32__rrect-lg__rest [
  0.02922492978646002,
  0.02389946979822775,
  0.023650629364455656,
  0.023575031799937897
]
apple-macos-27.0-1x-dark-standard-glass0.5/checkerboard-32__rrect-md__rest [
  0.035692864647139465,
  0.029715888477345687,
  0.02952283855130292,
  0.029421192146343807
]
apple-macos-27.0-1x-dark-standard-glass0.5/checkerboard-32__rrect-ml__rest [
  0.033808267226491405,
  0.027783671468726616,
  0.027571124653309402,
  0.02752996736903738
]
apple-macos-27.0-1x-dark-standard-glass0.5/checkerboard-32__rrect-sm__rest [
  0.05574331017828163,
  0.039880706309312446,
  0.03973700863516262,
  0.03972904973083868
]
apple-macos-27.0-1x-dark-standard-glass0.5/checkerboard-4__capsule-button__rest-tint-orange [
  0.022952486553805926,
  0.0026315468949252045,
  0.0013831564552363423,
  0.0007844054116182104
]
apple-macos-27.0-1x-dark-standard-glass0.5/checkerboard-4__capsule-button__rest [
  0.02917124717357997,
  0.008519666608015597,
  0.006753490799684756,
  0.006643040480478659
]
apple-macos-27.0-1x-dark-standard-glass0.5/checkerboard-4__rrect-lg__rest [
  0.017681654617616616,
  0.005037391383199039,
  0.004355782035686986,
  0.004336496537537043
]
apple-macos-27.0-1x-dark-standard-glass0.5/checkerboard-4__rrect-md__inactive [
  0.014047949519333521,
  0.004195834465747654,
  0.004200290184325728,
  0.004192520063976268
]
apple-macos-27.0-1x-dark-standard-glass0.5/checkerboard-4__rrect-md__rest [
  0.020601628722795702,
  0.006523769941159807,
  0.005807206175251595,
  0.0058001218195124155
]
apple-macos-27.0-1x-dark-standard-glass0.5/checkerboard-4__rrect-ml__rest [
  0.01831215886528267,
  0.0054279882199635985,
  0.004678992143455678,
  0.004645941719544363
]
apple-macos-27.0-1x-dark-standard-glass0.5/checkerboard-4__rrect-sm__rest [
  0.0343271300163326,
  0.008753954223335348,
  0.006770325639488179,
  0.006511830813801425
]
apple-macos-27.0-1x-dark-standard-glass0.5/checkerboard-64__capsule-button__rest-tint-orange [
  0.025265842482052093,
  0.0024571075179004747,
  0.0013892554611322303,
  0.0007844054116182104
]
apple-macos-27.0-1x-dark-standard-glass0.5/checkerboard-64__capsule-button__rest [
  0.04650408898767479,
  0.04191720262557254,
  0.04167811625413638,
  0.0414737626274306
]
apple-macos-27.0-1x-dark-standard-glass0.5/checkerboard-64__rrect-lg__inactive [
  0.02992356182751545,
  0.029819228236750574,
  0.02966478534541284,
  0.029367200901746358
]
apple-macos-27.0-1x-dark-standard-glass0.5/checkerboard-64__rrect-lg__rest [
  0.03372403178910941,
  0.03204082839983101,
  0.03198200178189823,
  0.03200852036372155
]
apple-macos-27.0-1x-dark-standard-glass0.5/checkerboard-64__rrect-md__inactive [
  0.03455125060002161,
  0.031388037719567836,
  0.03101966962222914,
  0.030629454466963957
]
apple-macos-27.0-1x-dark-standard-glass0.5/checkerboard-64__rrect-md__rest [
  0.040969498273616074,
  0.03450670501404225,
  0.03439650989898851,
  0.03432862131905111
]
apple-macos-27.0-1x-dark-standard-glass0.5/checkerboard-64__rrect-ml__rest [
  0.0343258173770062,
  0.03115989389144204,
  0.031249389203485033,
  0.03128332301929048
]
apple-macos-27.0-1x-dark-standard-glass0.5/checkerboard-64__rrect-sm__rest [
  0.04469887419822106,
  0.006512558519405519,
  0.0021231324557178764,
  0.002022878208783612
]
apple-macos-27.0-1x-dark-standard-glass0.5/checkerboard-8__capsule-button__rest-tint-orange [
  0.023615169290545253,
  0.0026308973388863687,
  0.0013846843004020005,
  0.0007844054116182104
]
apple-macos-27.0-1x-dark-standard-glass0.5/checkerboard-8__capsule-button__rest [
  0.03999895493344901,
  0.02565067644456014,
  0.025358790087999884,
  0.025134888916787255
]
apple-macos-27.0-1x-dark-standard-glass0.5/checkerboard-8__rrect-lg__inactive [
  0.02361128841987306,
  0.018668603614693316,
  0.018671640364646195,
  0.018543382825716322
]
apple-macos-27.0-1x-dark-standard-glass0.5/checkerboard-8__rrect-lg__rest [
  0.02765041839432644,
  0.02204031897918269,
  0.021953691231412092,
  0.021855411447731513
]
apple-macos-27.0-1x-dark-standard-glass0.5/checkerboard-8__rrect-md__inactive [
  0.025809599544122295,
  0.02240283728369142,
  0.02249113921351132,
  0.022331766619016265
]
apple-macos-27.0-1x-dark-standard-glass0.5/checkerboard-8__rrect-md__rest [
  0.0333125698016753,
  0.026728017650200143,
  0.02662103916307967,
  0.026449139609702632
]
apple-macos-27.0-1x-dark-standard-glass0.5/checkerboard-8__rrect-ml__rest [
  0.030151424528704868,
  0.024697903046586166,
  0.024626089613186332,
  0.0244993845007151
]
apple-macos-27.0-1x-dark-standard-glass0.5/checkerboard-8__rrect-sm__rest [
  0.04580023960781244,
  0.029501013895192545,
  0.029473866627112058,
  0.029420275447903276
]
apple-macos-27.0-1x-dark-standard-glass0.5/checkerboard-lc16__capsule-button__inactive [
  0.02613188740357534,
  0.023480700737259688,
  0.023345131877999997,
  0.023146235972105238
]
apple-macos-27.0-1x-dark-standard-glass0.5/checkerboard-lc16__capsule-button__rest [
  0.034192434190071855,
  0.018814115942618174,
  0.01767105844787488,
  0.017472965097618844
]
apple-macos-27.0-1x-dark-standard-glass0.5/checkerboard-lc16__rrect-lg__rest [
  0.02043245849918628,
  0.00830642008652062,
  0.007831670792000476,
  0.007483794733276602
]
apple-macos-27.0-1x-dark-standard-glass0.5/checkerboard-lc16__rrect-md__inactive [
  0.015936526886306947,
  0.00934982684203342,
  0.009388718347949734,
  0.009544921395744548
]
apple-macos-27.0-1x-dark-standard-glass0.5/checkerboard-lc16__rrect-md__rest [
  0.024254978581095505,
  0.011347181001636952,
  0.011066718665726376,
  0.01083512142750993
]
apple-macos-27.0-1x-dark-standard-glass0.5/checkerboard-lc16__rrect-ml__rest [
  0.0221253993849296,
  0.010628326470462173,
  0.010661957602818376,
  0.010779074727923395
]
apple-macos-27.0-1x-dark-standard-glass0.5/checkerboard-lc16__rrect-sm__rest [
  0.04079150517664318,
  0.021742385172518485,
  0.02090050455672384,
  0.020987581469798927
]
apple-macos-27.0-1x-dark-standard-glass0.5/checkerboard__capsule-button__inactive-tint-orange [
  0.06309614828383646,
  0.05937540444092383,
  0.05904712312140205,
  0.05859634694627192
]
apple-macos-27.0-1x-dark-standard-glass0.5/checkerboard__capsule-button__inactive [
  0.0452662645818576,
  0.041129409494559586,
  0.04092000440751388,
  0.04063159490115304
]
apple-macos-27.0-1x-dark-standard-glass0.5/checkerboard__capsule-button__rest-tint-orange [
  0.022835545649358354,
  0.0026369993940307513,
  0.0013893007728481052,
  0.0007844054116182104
]
apple-macos-27.0-1x-dark-standard-glass0.5/checkerboard__capsule-button__rest [
  0.04789212831502093,
  0.03803901400016226,
  0.03741004271338143,
  0.037170288530221626
]
apple-macos-27.0-1x-dark-standard-glass0.5/checkerboard__rrect-md__inactive [
  0.027732911285658305,
  0.024238728970349843,
  0.02429860421378654,
  0.024269031780273558
]
apple-macos-27.0-1x-dark-standard-glass0.5/checkerboard__rrect-md__rest [
  0.037432297345703136,
  0.03081072980984356,
  0.030777267801946846,
  0.030758846167606296
]
apple-macos-27.0-1x-dark-standard-glass0.5/checkerboard__rrect-ml__inactive [
  0.025895702264717123,
  0.0224557359133617,
  0.022468980185677084,
  0.022411994105736247
]
apple-macos-27.0-1x-dark-standard-glass0.5/dark-solid__capsule-button__inactive-tint-orange [ 0.0008457479273788543, 0, 0, 0 ]
apple-macos-27.0-1x-dark-standard-glass0.5/dark-solid__capsule-button__rest-tint-orange [
  0.022276406037830473,
  0.0016171519343950384,
  0.0013840100521470041,
  0.0007844054116182104
]
apple-macos-27.0-1x-dark-standard-glass0.5/dark-solid__capsule-button__rest [
  0.00883384747550446,
  0.0019803036938243358,
  0.0005117497395508883,
  0.0004472048984884135
]
apple-macos-27.0-1x-dark-standard-glass0.5/dark-solid__rrect-md__rest [
  0.006822118683385264,
  0.0014792509418656546,
  0.00009413239668217551,
  0.00004046724991436813
]
apple-macos-27.0-1x-dark-standard-glass0.5/hc-text-28__rrect-lg__rest [
  0.031010771244894472,
  0.022787313243276628,
  0.022471299078659066,
  0.022528077569175096
]
apple-macos-27.0-1x-dark-standard-glass0.5/hc-text-28__rrect-md__inactive [
  0.025691615552519254,
  0.020476537379274046,
  0.020551115010718223,
  0.020567279433106423
]
apple-macos-27.0-1x-dark-standard-glass0.5/hc-text-28__rrect-md__rest [
  0.03545038109836259,
  0.027396561488744853,
  0.02693790777701992,
  0.026950595606464355
]
apple-macos-27.0-1x-dark-standard-glass0.5/hc-text-28__rrect-sm__rest [
  0.050340268069883995,
  0.031953200407916896,
  0.032394968933681934,
  0.03252964458781222
]
apple-macos-27.0-1x-dark-standard-glass0.5/hc-text-7__rrect-lg__rest [
  0.02539359245102165,
  0.01575298502142114,
  0.015453433949561089,
  0.015409465528489881
]
apple-macos-27.0-1x-dark-standard-glass0.5/hc-text-7__rrect-md__inactive [
  0.01778316527504138,
  0.010997038939525024,
  0.01089236586668282,
  0.010881858744790158
]
apple-macos-27.0-1x-dark-standard-glass0.5/hc-text-7__rrect-md__rest [
  0.02586193884947426,
  0.013883850073653116,
  0.013197530992985908,
  0.013204531849575887
]
apple-macos-27.0-1x-dark-standard-glass0.5/hc-text-7__rrect-sm__rest [
  0.046990928753480536,
  0.016178917318246923,
  0.01531904086443488,
  0.01555648996838694
]
apple-macos-27.0-1x-dark-standard-glass0.5/hc-text__rrect-lg__inactive [
  0.027375741709281875,
  0.019501992116039417,
  0.019306626662891693,
  0.019306931642098978
]
apple-macos-27.0-1x-dark-standard-glass0.5/impulse__capsule-button__inactive [ 0.00527540337978631, 0, undefined, undefined ]
apple-macos-27.0-1x-dark-standard-glass0.5/impulse__capsule-button__rest [ 0.017541834696387017, 0, undefined, undefined ]
apple-macos-27.0-1x-dark-standard-glass0.5/impulse__rrect-lg__inactive [ 0.0031947633143372066, 0.003553364096805927, undefined, undefined ]
apple-macos-27.0-1x-dark-standard-glass0.5/impulse__rrect-ml__inactive [ 0.003999902380139297, 0.004549041385914436, undefined, undefined ]
apple-macos-27.0-1x-dark-standard-glass0.5/light-solid__capsule-button__inactive [ 0.014917752965812821, 0, 0, 0 ]
apple-macos-27.0-1x-dark-standard-glass0.5/light-solid__rrect-lg__inactive [ 0.016918808640990383, 0, 0, 0 ]
apple-macos-27.0-1x-dark-standard-glass0.5/light-solid__rrect-ml__inactive [
  0.014710446447798802,
  8.584349320682073e-8,
  8.490883797438057e-8,
  8.3881096908433e-8
]
apple-macos-27.0-1x-dark-standard-glass0.5/mid-chroma-solid__rrect-lg__inactive [ 0.002514996995876024, 0, 0, 0 ]
apple-macos-27.0-1x-dark-standard-glass0.5/mid-dark-solid__rrect-lg__inactive [
  0.0005143691773070145,
  7.03872875410735e-8,
  6.961285822419024e-8,
  6.878559646268063e-8
]
apple-macos-27.0-1x-dark-standard-glass0.5/photo__capsule-button__inactive-tint-orange [
  0.01236992400820118,
  0.011562516873802825,
  0.011702711409120369,
  0.011740654344990654
]
apple-macos-27.0-1x-dark-standard-glass0.5/photo__capsule-button__inactive [
  0.010046151126749121,
  0.008681590457726329,
  0.009090434383069208,
  0.009510649903425712
]
apple-macos-27.0-1x-dark-standard-glass0.5/photo__capsule-button__rest-tint-orange [
  0.010948356048524663,
  0.00235711245807439,
  0.0013862100785644858,
  0.0007844054116182104
]
apple-macos-27.0-1x-dark-standard-glass0.5/photo__capsule-button__rest [
  0.020524781721532197,
  0.008204098652067001,
  0.006657839785235347,
  0.006491233740408081
]
apple-macos-27.0-1x-dark-standard-glass0.5/photo__rrect-md__inactive [
  0.00955206126690363,
  0.00922035023165335,
  0.009408490058246113,
  0.00963674003795432
]
apple-macos-27.0-1x-dark-standard-glass0.5/photo__rrect-md__rest [
  0.016057311759412985,
  0.009559143809495988,
  0.009226702689109677,
  0.009509969200327097
]
apple-macos-27.0-1x-dark-standard-glass0.5/photo__rrect-ml__inactive [
  0.01148358540370926,
  0.010880899309600418,
  0.010961359766571921,
  0.0110959549967441
]
apple-macos-27.0-1x-light-standard-glass0.5/checkerboard-32__capsule-button__rest-tint-orange [
  0.04227968022078723,
  0.03783974112515874,
  0.038238473989857726,
  0.03872827406494688
]
apple-macos-27.0-1x-light-standard-glass0.5/checkerboard-32__capsule-button__rest [
  0.18432436783738085,
  0.18395914707183814,
  0.18531925299396967,
  0.18650578945212354
]
apple-macos-27.0-1x-light-standard-glass0.5/checkerboard-32__rrect-lg__inactive [
  0.0726873559087206,
  0.07067593478756506,
  0.07024795540150651,
  0.0698195298035836
]
apple-macos-27.0-1x-light-standard-glass0.5/checkerboard-32__rrect-lg__rest [
  0.10243698977628744,
  0.1010920307272722,
  0.10088098432317169,
  0.10063111518668513
]
apple-macos-27.0-1x-light-standard-glass0.5/checkerboard-32__rrect-md__rest [
  0.14514870504974092,
  0.14412004564681866,
  0.14409644902659993,
  0.14389622732164056
]
apple-macos-27.0-1x-light-standard-glass0.5/checkerboard-32__rrect-ml__rest [
  0.1240814316332467,
  0.12274207698857328,
  0.12294803377142353,
  0.12298557388500551
]
apple-macos-27.0-1x-light-standard-glass0.5/checkerboard-32__rrect-sm__rest [
  0.18763406717836123,
  0.18625550756792258,
  0.18871791385294012,
  0.18923960348501137
]
apple-macos-27.0-1x-light-standard-glass0.5/checkerboard-4__capsule-button__rest-tint-orange [
  0.02267478196266896,
  0.008829098521277888,
  0.007409993792948027,
  0.0066792470618122456
]
apple-macos-27.0-1x-light-standard-glass0.5/checkerboard-4__capsule-button__rest [
  0.0420956500755779,
  0.031143883742746074,
  0.030604453136439197,
  0.030281659913293235
]
apple-macos-27.0-1x-light-standard-glass0.5/checkerboard-4__rrect-lg__rest [
  0.023991808723800048,
  0.015255129082834181,
  0.015063734476357709,
  0.014975311549658381
]
apple-macos-27.0-1x-light-standard-glass0.5/checkerboard-4__rrect-md__inactive [
  0.022755662743076225,
  0.012284426079900171,
  0.012266547813189851,
  0.012188299161129927
]
apple-macos-27.0-1x-light-standard-glass0.5/checkerboard-4__rrect-md__rest [
  0.0327036270815035,
  0.02502237659318022,
  0.024964524786879518,
  0.024913953468556373
]
apple-macos-27.0-1x-light-standard-glass0.5/checkerboard-4__rrect-ml__rest [
  0.028054175921507427,
  0.020835921693643143,
  0.020697554233454464,
  0.020638429471257654
]
apple-macos-27.0-1x-light-standard-glass0.5/checkerboard-4__rrect-sm__rest [
  0.04415363826774031,
  0.030719734628269935,
  0.031045731021572456,
  0.03007232343743094
]
apple-macos-27.0-1x-light-standard-glass0.5/checkerboard-64__capsule-button__rest-tint-orange [
  0.050209486651741166,
  0.045210671266518274,
  0.04577654549092815,
  0.04623732696892879
]
apple-macos-27.0-1x-light-standard-glass0.5/checkerboard-64__capsule-button__rest [
  0.2268412245437322,
  0.22368366145964072,
  0.22432632397740357,
  0.22434654548638083
]
apple-macos-27.0-1x-light-standard-glass0.5/checkerboard-64__rrect-lg__inactive [
  0.15412876673409037,
  0.15412893673161007,
  0.15457171192595248,
  0.1548187358894121
]
apple-macos-27.0-1x-light-standard-glass0.5/checkerboard-64__rrect-lg__rest [
  0.16931291419255018,
  0.1689911330457406,
  0.16942479659248208,
  0.16969840505141998
]
apple-macos-27.0-1x-light-standard-glass0.5/checkerboard-64__rrect-md__inactive [
  0.15459895601086174,
  0.15386282750177713,
  0.15312356256696197,
  0.15250177174137577
]
apple-macos-27.0-1x-light-standard-glass0.5/checkerboard-64__rrect-md__rest [
  0.18760713133716253,
  0.18759913672133416,
  0.18771688984789633,
  0.18776894532992533
]
apple-macos-27.0-1x-light-standard-glass0.5/checkerboard-64__rrect-ml__rest [
  0.16500571223856803,
  0.16439440520957543,
  0.16506462209202644,
  0.16568528595997556
]
apple-macos-27.0-1x-light-standard-glass0.5/checkerboard-64__rrect-sm__rest [
  0.014590374827046256,
  0.013540263856889074,
  0.013832095309582477,
  0.013912659023473469
]
apple-macos-27.0-1x-light-standard-glass0.5/checkerboard-8__capsule-button__rest-tint-orange [
  0.029940808930067658,
  0.020976303814139282,
  0.02084542315705761,
  0.020715754140479745
]
apple-macos-27.0-1x-light-standard-glass0.5/checkerboard-8__capsule-button__rest [
  0.10537303495752894,
  0.09954006594672388,
  0.10064677329317612,
  0.09992591043602916
]
apple-macos-27.0-1x-light-standard-glass0.5/checkerboard-8__rrect-lg__inactive [
  0.03500492229662715,
  0.030078310571050024,
  0.030026924587340208,
  0.02972720032167815
]
apple-macos-27.0-1x-light-standard-glass0.5/checkerboard-8__rrect-lg__rest [
  0.05462668327207634,
  0.05204904951830038,
  0.052115489022853144,
  0.051885432329612874
]
apple-macos-27.0-1x-light-standard-glass0.5/checkerboard-8__rrect-md__inactive [
  0.0449812488502148,
  0.040999149853931216,
  0.0411175458523234,
  0.04073617897834661
]
apple-macos-27.0-1x-light-standard-glass0.5/checkerboard-8__rrect-md__rest [
  0.08794225193239476,
  0.08588938327002428,
  0.08634795336256275,
  0.08597094380319927
]
apple-macos-27.0-1x-light-standard-glass0.5/checkerboard-8__rrect-ml__rest [
  0.06988702892962953,
  0.06778205159601428,
  0.06804804221733511,
  0.06782449559765072
]
apple-macos-27.0-1x-light-standard-glass0.5/checkerboard-8__rrect-sm__rest [
  0.12037339289614223,
  0.11612447070432248,
  0.11893670625306933,
  0.119436748437824
]
apple-macos-27.0-1x-light-standard-glass0.5/checkerboard-lc16__capsule-button__inactive [
  0.05887220136821955,
  0.056641847609848715,
  0.056080887210722734,
  0.05538707162843146
]
apple-macos-27.0-1x-light-standard-glass0.5/checkerboard-lc16__capsule-button__rest [
  0.06965798116473305,
  0.06356883337990984,
  0.059995403235912244,
  0.05458883515935452
]
apple-macos-27.0-1x-light-standard-glass0.5/checkerboard-lc16__rrect-lg__rest [
  0.0336400503251857,
  0.02918390865405745,
  0.02841668799854277,
  0.027318839525987713
]
apple-macos-27.0-1x-light-standard-glass0.5/checkerboard-lc16__rrect-md__inactive [
  0.033913541263636646,
  0.03208610314911434,
  0.03210316212288901,
  0.031980540057920954
]
apple-macos-27.0-1x-light-standard-glass0.5/checkerboard-lc16__rrect-md__rest [
  0.054529117406725794,
  0.05114759719221993,
  0.050699713610352595,
  0.05038391344864965
]
apple-macos-27.0-1x-light-standard-glass0.5/checkerboard-lc16__rrect-ml__rest [
  0.0457189730687232,
  0.040952573734139984,
  0.03830122134786043,
  0.0363427689933567
]
apple-macos-27.0-1x-light-standard-glass0.5/checkerboard-lc16__rrect-sm__rest [
  0.08064213021445682,
  0.07415659412363673,
  0.05823347916237146,
  0.02075878349901103
]
apple-macos-27.0-1x-light-standard-glass0.5/checkerboard__capsule-button__inactive-tint-blue [
  0.07729698478371722,
  0.07328537591130542,
  0.07261693959370351,
  0.0717263740357345
]
apple-macos-27.0-1x-light-standard-glass0.5/checkerboard__capsule-button__inactive-tint-orange [
  0.07729698478371722,
  0.07328537591130542,
  0.07261693959370351,
  0.0717263740357345
]
apple-macos-27.0-1x-light-standard-glass0.5/checkerboard__capsule-button__inactive [
  0.10443757809712992,
  0.10025961577340699,
  0.09934147818875869,
  0.09817992854199413
]
apple-macos-27.0-1x-light-standard-glass0.5/checkerboard__capsule-button__rest-tint-blue [
  0.024748197232932027,
  0.017547875882968193,
  0.01714291622102961,
  0.017027481553807594
]
apple-macos-27.0-1x-light-standard-glass0.5/checkerboard__capsule-button__rest-tint-orange [
  0.03686357282997293,
  0.03076054750234723,
  0.030794156310966422,
  0.03079599029351819
]
apple-macos-27.0-1x-light-standard-glass0.5/checkerboard__capsule-button__rest [
  0.15130701499396562,
  0.14877617314213315,
  0.14865593642483063,
  0.14804117465616254
]
apple-macos-27.0-1x-light-standard-glass0.5/checkerboard__rrect-md__inactive [
  0.059827525567096765,
  0.05653664955016545,
  0.056580016818257965,
  0.05638707953312234
]
apple-macos-27.0-1x-light-standard-glass0.5/checkerboard__rrect-md__rest [
  0.12009361554586669,
  0.11850393620259689,
  0.11908024827483084,
  0.11919585621637739
]
apple-macos-27.0-1x-light-standard-glass0.5/checkerboard__rrect-ml__inactive [
  0.05336883449453511,
  0.05046896229327272,
  0.0504527893082799,
  0.05026084197110672
]
apple-macos-27.0-1x-light-standard-glass0.5/checkerboard__rrect-ml__rest [
  0.09557930886643531,
  0.09395628037608669,
  0.09421315140609421,
  0.09422040082902589
]
apple-macos-27.0-1x-light-standard-glass0.5/checkerboard__rrect-sm__inactive [
  0.11959179239378136,
  0.11807650547773965,
  0.11911198910442748,
  0.1185254632350809
]
apple-macos-27.0-1x-light-standard-glass0.5/checkerboard__rrect-sm__rest [
  0.1648297504804494,
  0.16561552137812066,
  0.16836537208895394,
  0.169108131195391
]
apple-macos-27.0-1x-light-standard-glass0.5/checkerboard__toolbar-group__inactive [
  0.11452391764961042,
  0.10417965644063672,
  0.10338921644279962,
  0.10305999484221805
]
apple-macos-27.0-1x-light-standard-glass0.5/checkerboard__toolbar-group__rest [
  0.15900896445074567,
  0.15178394524513938,
  0.15153393010856053,
  0.15181277423293468
]
apple-macos-27.0-1x-light-standard-glass0.5/dark-solid__capsule-button__inactive-tint-orange [
  0.008807457368815148,
  6.08147223193739e-8,
  7.747350015895599e-8,
  7.679882693323606e-8
]
apple-macos-27.0-1x-light-standard-glass0.5/dark-solid__capsule-button__inactive [ 0.013947006013156875, 0, 0, 0 ]
apple-macos-27.0-1x-light-standard-glass0.5/dark-solid__capsule-button__rest-tint-orange [
  0.02166527244737493,
  0.012555363197071633,
  0.007931056420368465,
  0.004369305676609918
]
apple-macos-27.0-1x-light-standard-glass0.5/dark-solid__capsule-button__rest [
  0.02161526841343926,
  0.012986175274750059,
  0.008229473923067538,
  0.00489088847477192
]
apple-macos-27.0-1x-light-standard-glass0.5/dark-solid__rrect-lg__inactive [ 0.007667637634038442, 0, 0, 0 ]
apple-macos-27.0-1x-light-standard-glass0.5/dark-solid__rrect-md__inactive [ 0.01118782485349646, 0, 0, 0 ]
apple-macos-27.0-1x-light-standard-glass0.5/dark-solid__rrect-md__rest [
  0.016911647315963618,
  0.00961709196252784,
  0.005871721128716382,
  0.002922943496860102
]
apple-macos-27.0-1x-light-standard-glass0.5/hc-text-28__rrect-lg__rest [
  0.1050353312549178,
  0.10362597175568729,
  0.10310047438964362,
  0.10252567632426163
]
apple-macos-27.0-1x-light-standard-glass0.5/hc-text-28__rrect-md__inactive [
  0.08107512694147669,
  0.07993580682593743,
  0.08033753259111526,
  0.08058652707872264
]
apple-macos-27.0-1x-light-standard-glass0.5/hc-text-28__rrect-md__rest [
  0.14023270926377035,
  0.14013271239617697,
  0.14042247518608972,
  0.14061602371303902
]
apple-macos-27.0-1x-light-standard-glass0.5/hc-text-28__rrect-sm__rest [
  0.15386511082012438,
  0.15544286011505268,
  0.15796729113372338,
  0.1592070115098158
]
apple-macos-27.0-1x-light-standard-glass0.5/hc-text-7__rrect-lg__rest [
  0.07870234223394472,
  0.07725738521126378,
  0.07693714159951928,
  0.07661485932476031
]
apple-macos-27.0-1x-light-standard-glass0.5/hc-text-7__rrect-md__inactive [
  0.0483994310033146,
  0.044300779013623386,
  0.043895929990577585,
  0.0438370782812757
]
apple-macos-27.0-1x-light-standard-glass0.5/hc-text-7__rrect-md__rest [
  0.07004550863356843,
  0.06659041908486867,
  0.06620228418463217,
  0.06624156497821941
]
apple-macos-27.0-1x-light-standard-glass0.5/hc-text-7__rrect-sm__rest [
  0.07683319477905691,
  0.0720401524953602,
  0.07300088120486856,
  0.07411201782247216
]
apple-macos-27.0-1x-light-standard-glass0.5/hc-text__rrect-lg__inactive [
  0.07992189345799922,
  0.0789065306563048,
  0.07842776374035955,
  0.0783986882545593
]
apple-macos-27.0-1x-light-standard-glass0.5/impulse__capsule-button__inactive-tint-orange [
  0.010557539127417491,
  0.007469335971823128,
  0.00690702814950676,
  0.006835964068557269
]
apple-macos-27.0-1x-light-standard-glass0.5/impulse__capsule-button__inactive [
  0.018148334703995444,
  0.010314799390964208,
  0.009556646979986165,
  0.009446845781343503
]
apple-macos-27.0-1x-light-standard-glass0.5/impulse__capsule-button__rest-tint-orange [
  0.024589307167244816,
  0.014613575326400605,
  0.009504316786246756,
  0.005972404677546378
]
apple-macos-27.0-1x-light-standard-glass0.5/impulse__capsule-button__rest [
  0.027242859510686206,
  0.02115009702631039,
  0.01697087780530404,
  0.015104825694226557
]
apple-macos-27.0-1x-light-standard-glass0.5/impulse__rrect-lg__inactive [
  0.006015069672545214,
  0.004148622014264703,
  0.004183868088563719,
  0.004220580779925459
]
apple-macos-27.0-1x-light-standard-glass0.5/impulse__rrect-md__inactive [
  0.01337700037782834,
  0.006443840609126033,
  0.006543026881233515,
  0.006649110105703975
]
apple-macos-27.0-1x-light-standard-glass0.5/impulse__rrect-md__rest [
  0.021672480733868245,
  0.01640191525724967,
  0.014461988624084718,
  0.013689751068215239
]
apple-macos-27.0-1x-light-standard-glass0.5/impulse__rrect-ml__inactive [
  0.007653791908573317,
  0.003267445681255033,
  0.003298428784550767,
  0.0033325472937725397
]
apple-macos-27.0-1x-light-standard-glass0.5/light-solid__capsule-button__inactive-tint-orange [
  0.00871954574252018,
  2.8006652190107854e-7,
  2.7405581113322855e-7,
  2.666641796853137e-7
]
apple-macos-27.0-1x-light-standard-glass0.5/light-solid__capsule-button__inactive [
  0.0020322309517668935,
  0,
  7.598131170262075e-8,
  1.2377834115800373e-7
]
apple-macos-27.0-1x-light-standard-glass0.5/light-solid__capsule-button__rest-tint-orange [
  0.012488584029120104,
  0.001680171282264803,
  0.0010448517830997407,
  0.0009126970092552612
]
apple-macos-27.0-1x-light-standard-glass0.5/light-solid__capsule-button__rest [
  0.0068099177956256725,
  0.005188207192947726,
  0.0038246691096002535,
  0.003428735361065111
]
apple-macos-27.0-1x-light-standard-glass0.5/light-solid__rrect-lg__inactive [ 0.001727404653666184, 0, 0, 0 ]
apple-macos-27.0-1x-light-standard-glass0.5/light-solid__rrect-md__inactive [ 0.0017103316744977476, 0, 0, 0 ]
apple-macos-27.0-1x-light-standard-glass0.5/light-solid__rrect-md__rest [
  0.006437609197269816,
  0.0048777483089803755,
  0.0042721165817565425,
  0.0033781527632876208
]
apple-macos-27.0-1x-light-standard-glass0.5/light-solid__rrect-ml__inactive [ 0.0014874601868322904, 0, 0, 0 ]
apple-macos-27.0-1x-light-standard-glass0.5/light-solid__rrect-ml__rest [
  0.006558092905454267,
  0.004795430063528417,
  0.004274296884476719,
  0.0036243526217917188
]
apple-macos-27.0-1x-light-standard-glass0.5/mid-chroma-solid__rrect-lg__inactive [ 0.005696983518045307, 0, 0, 0 ]
apple-macos-27.0-1x-light-standard-glass0.5/mid-dark-solid__rrect-lg__inactive [ 0.009615993081503231, 0, 0, 0 ]
apple-macos-27.0-1x-light-standard-glass0.5/photo__capsule-button__inactive-tint-blue [
  0.02605970129490861,
  0.025356802385559363,
  0.02561905338917865,
  0.02566229267297064
]
apple-macos-27.0-1x-light-standard-glass0.5/photo__capsule-button__inactive-tint-orange-half [
  0.03018721999236437,
  0.02946560928036977,
  0.02974903107136825,
  0.029800329875467296
]
apple-macos-27.0-1x-light-standard-glass0.5/photo__capsule-button__inactive-tint-orange [
  0.02605970129490861,
  0.025356802385559363,
  0.02561905338917865,
  0.02566229267297064
]
apple-macos-27.0-1x-light-standard-glass0.5/photo__capsule-button__inactive [
  0.035814758339236454,
  0.03469786709177475,
  0.03504103666053771,
  0.035096647726344674
]
apple-macos-27.0-1x-light-standard-glass0.5/photo__capsule-button__rest-tint-blue [
  0.01299227357622705,
  0.009121254838139562,
  0.006771636032173334,
  0.005315388116299151
]
apple-macos-27.0-1x-light-standard-glass0.5/photo__capsule-button__rest-tint-orange-half [
  0.020779481054063936,
  0.01872868632537378,
  0.01821209986576916,
  0.01791583041437033
]
apple-macos-27.0-1x-light-standard-glass0.5/photo__capsule-button__rest-tint-orange [
  0.013932507673748656,
  0.010817034797896327,
  0.009222536749774617,
  0.008365254205324704
]
apple-macos-27.0-1x-light-standard-glass0.5/photo__capsule-button__rest [
  0.03949793485110859,
  0.038081773230838084,
  0.03819025204828367,
  0.038139039432228336
]
apple-macos-27.0-1x-light-standard-glass0.5/photo__rrect-md__inactive-tint-orange [
  0.03239439086427716,
  0.03177992328615065,
  0.03183531454733048,
  0.03178863503820538
]
apple-macos-27.0-1x-light-standard-glass0.5/photo__rrect-md__inactive [
  0.044295876435910625,
  0.04342953348470153,
  0.04350242784207511,
  0.0434348219244874
]
apple-macos-27.0-1x-light-standard-glass0.5/photo__rrect-md__rest-tint-orange [
  0.013533634333149866,
  0.011174040254642137,
  0.010356069062356393,
  0.009969684951793227
]
apple-macos-27.0-1x-light-standard-glass0.5/photo__rrect-md__rest [
  0.04851896296762562,
  0.04725534830179544,
  0.04716407253073028,
  0.047010555460199596
]
apple-macos-27.0-1x-light-standard-glass0.5/photo__rrect-ml__inactive [
  0.05267189105092511,
  0.05192011673356767,
  0.05158576762555672,
  0.05130681963935212
]
apple-macos-27.0-1x-light-standard-glass0.5/photo__rrect-ml__rest [
  0.05525519724086033,
  0.05424170337131727,
  0.05384148588920913,
  0.053565708970898775
]
apple-macos-27.0-1x-light-standard-glass0.5/photo__rrect-sm__inactive [
  0.018154066164487493,
  0.011362730211013956,
  0.011641190231627385,
  0.011692016279849156
]
apple-macos-27.0-1x-light-standard-glass0.5/photo__rrect-sm__rest [
  0.023186734148722063,
  0.016280426958447444,
  0.015006782532723755,
  0.014206977697129766
]
apple-macos-27.0-1x-light-standard-glass0.5/photo__toolbar-group__inactive [
  0.0652856423467612,
  0.06057194376350186,
  0.06110727943351035,
  0.061413761235372746
]
apple-macos-27.0-1x-light-standard-glass0.5/photo__toolbar-group__rest [
  0.07226267579473558,
  0.06802364910615276,
  0.06892825056626133,
  0.06960796777027184
]
apple-macos-27.0-2x-dark-standard-glass0.5/checkerboard-32__capsule-button__rest-tint-orange [
  0.014839856976512418,
  0.003097522757353842,
  0.0017353642485720322,
  0.0015603813361702603
]
apple-macos-27.0-2x-dark-standard-glass0.5/checkerboard-32__capsule-button__rest [
  0.044069941214238316,
  0.039695142518757144,
  0.03926637072578386,
  0.03927056648716796
]
apple-macos-27.0-2x-dark-standard-glass0.5/checkerboard-32__rrect-lg__inactive [
  0.03374563696636343,
  0.02970601068757543,
  0.029662870170043834,
  0.029640454945578834
]
apple-macos-27.0-2x-dark-standard-glass0.5/checkerboard-32__rrect-lg__rest [
  0.034239783833593856,
  0.03047891259588986,
  0.030200917246040893,
  0.03014999014530173
]
apple-macos-27.0-2x-dark-standard-glass0.5/checkerboard-32__rrect-md__rest [
  0.03824132993416579,
  0.03403940364710162,
  0.0338218988203442,
  0.03374006868523797
]
apple-macos-27.0-2x-dark-standard-glass0.5/checkerboard-32__rrect-ml__rest [
  0.03820914246654827,
  0.03361335273038782,
  0.033228059914713955,
  0.03317317127233496
]
apple-macos-27.0-2x-dark-standard-glass0.5/checkerboard-32__rrect-sm__rest [
  0.05024803903613805,
  0.04073501176120432,
  0.03990467600876763,
  0.0399168698692535
]
apple-macos-27.0-2x-dark-standard-glass0.5/checkerboard-4__capsule-button__rest-tint-orange [
  0.01563746587570586,
  0.003137042810420387,
  0.001729878879620659,
  0.0015603813361702603
]
apple-macos-27.0-2x-dark-standard-glass0.5/checkerboard-4__capsule-button__rest [
  0.024442597143051175,
  0.013580372085190081,
  0.01270259434240842,
  0.012436383102984267
]
apple-macos-27.0-2x-dark-standard-glass0.5/checkerboard-4__rrect-lg__rest [
  0.017147551355531046,
  0.0071907505317965175,
  0.006154555634472789,
  0.006061694812300309
]
apple-macos-27.0-2x-dark-standard-glass0.5/checkerboard-4__rrect-md__inactive [
  0.01462184462425862,
  0.004646450076738192,
  0.004654305692846131,
  0.00463362023749322
]
apple-macos-27.0-2x-dark-standard-glass0.5/checkerboard-4__rrect-md__rest [
  0.019322594630379508,
  0.0079683650926409,
  0.0070589866384321255,
  0.006984552740362688
]
apple-macos-27.0-2x-dark-standard-glass0.5/checkerboard-4__rrect-ml__rest [
  0.018782423903611824,
  0.007526965079309373,
  0.00655083008171429,
  0.0064428904453166964
]
apple-macos-27.0-2x-dark-standard-glass0.5/checkerboard-4__rrect-sm__rest [
  0.030497597832002718,
  0.015196359740058684,
  0.013663622218956778,
  0.01327911619137174
]
apple-macos-27.0-2x-dark-standard-glass0.5/checkerboard-64__capsule-button__rest-tint-orange [
  0.016887589432664343,
  0.0029218284166103317,
  0.0017218487362315302,
  0.001559179652358159
]
apple-macos-27.0-2x-dark-standard-glass0.5/checkerboard-64__capsule-button__rest [
  0.0477522508026654,
  0.04520449469632273,
  0.04491959159706248,
  0.044847958818437034
]
apple-macos-27.0-2x-dark-standard-glass0.5/checkerboard-64__rrect-lg__inactive [
  0.03997394712286426,
  0.04001645234972405,
  0.04002262091787011,
  0.03998917702187146
]
apple-macos-27.0-2x-dark-standard-glass0.5/checkerboard-64__rrect-lg__rest [
  0.03943691751302164,
  0.038576494957818404,
  0.038490452834863194,
  0.03852875700106016
]
apple-macos-27.0-2x-dark-standard-glass0.5/checkerboard-64__rrect-md__inactive [
  0.040931457069075666,
  0.037861762955460974,
  0.03766330707465643,
  0.03743514089912791
]
apple-macos-27.0-2x-dark-standard-glass0.5/checkerboard-64__rrect-md__rest [
  0.04418980802883653,
  0.03961854734794997,
  0.03945771320083872,
  0.03942103357026302
]
apple-macos-27.0-2x-dark-standard-glass0.5/checkerboard-64__rrect-ml__rest [
  0.04042070484987059,
  0.037482421097751586,
  0.037457010788164276,
  0.037465022182668034
]
apple-macos-27.0-2x-dark-standard-glass0.5/checkerboard-64__rrect-sm__rest [
  0.03486384445793073,
  0.007914835710392917,
  0.002208299610244562,
  0.001999161653140625
]
apple-macos-27.0-2x-dark-standard-glass0.5/checkerboard-8__capsule-button__rest-tint-orange [
  0.01618953510231994,
  0.0031051662741833244,
  0.0017355778119479482,
  0.0015603813361702603
]
apple-macos-27.0-2x-dark-standard-glass0.5/checkerboard-8__capsule-button__rest [
  0.037225110650156164,
  0.029942349309366914,
  0.02886587944959986,
  0.02855642103550717
]
apple-macos-27.0-2x-dark-standard-glass0.5/checkerboard-8__rrect-lg__inactive [
  0.024650668742377313,
  0.01860550040624745,
  0.018528929897473304,
  0.018501589046995122
]
apple-macos-27.0-2x-dark-standard-glass0.5/checkerboard-8__rrect-lg__rest [
  0.025588342581698627,
  0.020274827383384413,
  0.019868077703045543,
  0.019805508309543834
]
apple-macos-27.0-2x-dark-standard-glass0.5/checkerboard-8__rrect-md__inactive [
  0.023252011919450758,
  0.019055812309843313,
  0.019030782383833204,
  0.018995508955531135
]
apple-macos-27.0-2x-dark-standard-glass0.5/checkerboard-8__rrect-md__rest [
  0.02895074623498755,
  0.023092477320714892,
  0.022719496526662993,
  0.022637677062119246
]
apple-macos-27.0-2x-dark-standard-glass0.5/checkerboard-8__rrect-ml__rest [
  0.02754490435467551,
  0.021825311089952164,
  0.021461304727355177,
  0.021389636524949716
]
apple-macos-27.0-2x-dark-standard-glass0.5/checkerboard-8__rrect-sm__rest [
  0.043889984341043756,
  0.033868014490847954,
  0.03287773787622047,
  0.03267699279964343
]
apple-macos-27.0-2x-dark-standard-glass0.5/checkerboard-lc16__capsule-button__inactive [
  0.0253176008367567,
  0.023977439752325188,
  0.023757564135774515,
  0.02351807713675136
]
apple-macos-27.0-2x-dark-standard-glass0.5/checkerboard-lc16__capsule-button__rest [
  0.02878020431513623,
  0.01869220877377224,
  0.017198693810356182,
  0.017010166823774875
]
apple-macos-27.0-2x-dark-standard-glass0.5/checkerboard-lc16__rrect-lg__rest [
  0.019143946352654418,
  0.008959958358168752,
  0.007780961910533568,
  0.007638864390903704
]
apple-macos-27.0-2x-dark-standard-glass0.5/checkerboard-lc16__rrect-md__inactive [
  0.01509765809966413,
  0.006031491440372252,
  0.0060138843093493835,
  0.005974605893230121
]
apple-macos-27.0-2x-dark-standard-glass0.5/checkerboard-lc16__rrect-md__rest [
  0.02188261283017453,
  0.012286516698942072,
  0.011615253949024695,
  0.011465472508383383
]
apple-macos-27.0-2x-dark-standard-glass0.5/checkerboard-lc16__rrect-ml__rest [
  0.021425169951782903,
  0.01100125033955131,
  0.010263461348896604,
  0.010222910609274617
]
apple-macos-27.0-2x-dark-standard-glass0.5/checkerboard-lc16__rrect-sm__rest [
  0.034452331683982505,
  0.021060748533793246,
  0.019293460638611867,
  0.01926020815223977
]
apple-macos-27.0-2x-dark-standard-glass0.5/checkerboard__capsule-button__inactive-tint-orange [
  0.06784454338906445,
  0.06621983252776448,
  0.06588684143626196,
  0.0655119115369672
]
apple-macos-27.0-2x-dark-standard-glass0.5/checkerboard__capsule-button__inactive [
  0.047698860071988904,
  0.04585147684288845,
  0.04562469724131269,
  0.04536927593316912
]
apple-macos-27.0-2x-dark-standard-glass0.5/checkerboard__capsule-button__rest-tint-orange [
  0.015820156809505437,
  0.0030958275554499805,
  0.0017356098213362865,
  0.0015603813361702603
]
apple-macos-27.0-2x-dark-standard-glass0.5/checkerboard__capsule-button__rest [
  0.04081015288748028,
  0.03477787207891847,
  0.03402823016281891,
  0.03377096185754315
]
apple-macos-27.0-2x-dark-standard-glass0.5/checkerboard__rrect-md__inactive [
  0.023369980187976525,
  0.01899381720323041,
  0.018960887225257305,
  0.01893969592490275
]
apple-macos-27.0-2x-dark-standard-glass0.5/checkerboard__rrect-md__rest [
  0.033450825637336604,
  0.028123210909957674,
  0.02780855832245998,
  0.02777532682562549
]
apple-macos-27.0-2x-dark-standard-glass0.5/checkerboard__rrect-ml__inactive [
  0.02424048132698637,
  0.01880363649958091,
  0.018770870860196173,
  0.018756690265989678
]
apple-macos-27.0-2x-dark-standard-glass0.5/dark-solid__capsule-button__inactive-tint-orange [ 0.000508200969239586, 0, 0, 0 ]
apple-macos-27.0-2x-dark-standard-glass0.5/dark-solid__capsule-button__rest-tint-orange [
  0.014580311620029675,
  0.0019736755903617814,
  0.0017030771511041716,
  0.001559179652358159
]
apple-macos-27.0-2x-dark-standard-glass0.5/dark-solid__capsule-button__rest [
  0.007303506894055452,
  0.002585277749864398,
  0.0006721717631785099,
  0.0005404440883692551
]
apple-macos-27.0-2x-dark-standard-glass0.5/dark-solid__rrect-md__rest [
  0.005556715531983259,
  0.001805679053683928,
  0.00019977087246981294,
  0.00004220825851545222
]
apple-macos-27.0-2x-dark-standard-glass0.5/hc-text-28__rrect-lg__rest [
  0.0322111193458113,
  0.025809381666447438,
  0.025227001111627137,
  0.025212114935719225
]
apple-macos-27.0-2x-dark-standard-glass0.5/hc-text-28__rrect-md__inactive [
  0.025869897734426283,
  0.020579679658973407,
  0.020637585553719036,
  0.020702819798660125
]
apple-macos-27.0-2x-dark-standard-glass0.5/hc-text-28__rrect-md__rest [
  0.036137608506129106,
  0.030704704171008426,
  0.030492428085133663,
  0.030486414491458228
]
apple-macos-27.0-2x-dark-standard-glass0.5/hc-text-28__rrect-sm__rest [
  0.04460782475694102,
  0.03263075208900796,
  0.032727181637849004,
  0.03255389280412691
]
apple-macos-27.0-2x-dark-standard-glass0.5/hc-text-7__rrect-lg__rest [
  0.0245431123928719,
  0.015785731476658398,
  0.015144235780832025,
  0.015125250300089068
]
apple-macos-27.0-2x-dark-standard-glass0.5/hc-text-7__rrect-md__inactive [
  0.017272490291256465,
  0.00920263812959743,
  0.009197127320912615,
  0.009165719214492597
]
apple-macos-27.0-2x-dark-standard-glass0.5/hc-text-7__rrect-md__rest [
  0.022592239184810712,
  0.012558135516374358,
  0.011626472051883404,
  0.011496713369188486
]
apple-macos-27.0-2x-dark-standard-glass0.5/hc-text-7__rrect-sm__rest [
  0.03886370892234849,
  0.021004967207752176,
  0.0181762345294024,
  0.01791569431413224
]
apple-macos-27.0-2x-dark-standard-glass0.5/hc-text__rrect-lg__inactive [
  0.028542832252272762,
  0.018945987783893108,
  0.0188012759235555,
  0.018747920308526414
]
apple-macos-27.0-2x-dark-standard-glass0.5/impulse__capsule-button__inactive [
  0.010115900184262122,
  0.0061734283553087224,
  0.002823280986615321,
  0.0009708588489164074
]
apple-macos-27.0-2x-dark-standard-glass0.5/impulse__capsule-button__rest [ 0.018751136463361722, 0.008609154134697755, 0.014763550836840635, 0 ]
apple-macos-27.0-2x-dark-standard-glass0.5/impulse__rrect-lg__inactive [
  0.0016321995030689578,
  0.0016288832436220887,
  0.0016258046039876737,
  0.001614011095747063
]
apple-macos-27.0-2x-dark-standard-glass0.5/impulse__rrect-ml__inactive [
  0.002207453362051576,
  0.0022074533620520856,
  0.0022074533620518367,
  0.0022074533620518397
]
apple-macos-27.0-2x-dark-standard-glass0.5/light-solid__capsule-button__inactive [ 0.01029734694159669, 0, 0, 0 ]
apple-macos-27.0-2x-dark-standard-glass0.5/light-solid__rrect-lg__inactive [
  0.019180464012359455,
  0.0018784481119621314,
  5.632954290937126e-7,
  5.620375486401889e-7
]
apple-macos-27.0-2x-dark-standard-glass0.5/light-solid__rrect-ml__inactive [
  0.018204005890749404,
  0.000804652996345809,
  4.833411631102285e-7,
  4.804324789391014e-7
]
apple-macos-27.0-2x-dark-standard-glass0.5/mid-chroma-solid__rrect-lg__inactive [
  0.0034671507046578373,
  1.4075300869748088e-7,
  1.40959294457082e-7,
  1.411806386831194e-7
]
apple-macos-27.0-2x-dark-standard-glass0.5/mid-dark-solid__rrect-lg__inactive [
  0.0006364468646207864,
  2.1289227383079462e-7,
  2.1445105285733882e-7,
  2.1607887993951597e-7
]
apple-macos-27.0-2x-dark-standard-glass0.5/photo__capsule-button__inactive-tint-orange [
  0.01203873023833963,
  0.011622278674638161,
  0.0117056197755287,
  0.011784211268307386
]
apple-macos-27.0-2x-dark-standard-glass0.5/photo__capsule-button__inactive [
  0.009295233816440217,
  0.00858608122092086,
  0.00877843332580678,
  0.008989969473978846
]
apple-macos-27.0-2x-dark-standard-glass0.5/photo__capsule-button__rest-tint-orange [
  0.00821479508144503,
  0.0027993278787743782,
  0.0017229707179385692,
  0.001558878905283069
]
apple-macos-27.0-2x-dark-standard-glass0.5/photo__capsule-button__rest [
  0.016887410429379465,
  0.008708309354274336,
  0.007179368264840863,
  0.007092297350942657
]
apple-macos-27.0-2x-dark-standard-glass0.5/photo__rrect-md__inactive [
  0.010571607941888144,
  0.010090280526447002,
  0.01019711220219519,
  0.010318381511503785
]
apple-macos-27.0-2x-dark-standard-glass0.5/photo__rrect-md__rest [
  0.014835942443293908,
  0.010470365435609884,
  0.009875342239803632,
  0.009996176102036255
]
apple-macos-27.0-2x-dark-standard-glass0.5/photo__rrect-ml__inactive [
  0.012644118202586195,
  0.011820846915538287,
  0.011859242669042917,
  0.01191691214611444
]
apple-macos-27.0-2x-light-standard-glass0.5/checkerboard-32__capsule-button__rest-tint-orange [
  0.030707234976200558,
  0.02752343733719079,
  0.027434553849566286,
  0.027424893434148872
]
apple-macos-27.0-2x-light-standard-glass0.5/checkerboard-32__capsule-button__rest [
  0.13327024992064096,
  0.13271363800999772,
  0.13301518869622317,
  0.13334658420480158
]
apple-macos-27.0-2x-light-standard-glass0.5/checkerboard-32__rrect-lg__inactive [
  0.13228646162005547,
  0.13189368500568768,
  0.13192172219439008,
  0.13181607094104497
]
apple-macos-27.0-2x-light-standard-glass0.5/checkerboard-32__rrect-lg__rest [
  0.089685991421683,
  0.08902081526763815,
  0.08893448817186211,
  0.0887524377747196
]
apple-macos-27.0-2x-light-standard-glass0.5/checkerboard-32__rrect-md__rest [
  0.09015758301207007,
  0.08910143838040545,
  0.0889437554692977,
  0.08861254064143508
]
apple-macos-27.0-2x-light-standard-glass0.5/checkerboard-32__rrect-ml__rest [
  0.09310310743972312,
  0.09185975146033326,
  0.09158821837261077,
  0.09135997703052648
]
apple-macos-27.0-2x-light-standard-glass0.5/checkerboard-32__rrect-sm__rest [
  0.142113427350653,
  0.1401842019170204,
  0.140288409940523,
  0.14050285257966721
]
apple-macos-27.0-2x-light-standard-glass0.5/checkerboard-4__capsule-button__rest-tint-orange [
  0.018591727363374732,
  0.011721833244134726,
  0.01115811406370698,
  0.010575827616827464
]
apple-macos-27.0-2x-light-standard-glass0.5/checkerboard-4__capsule-button__rest [
  0.052594705322635014,
  0.048882210883476794,
  0.04915770371766244,
  0.048121987514987134
]
apple-macos-27.0-2x-light-standard-glass0.5/checkerboard-4__rrect-lg__rest [
  0.020736231681937646,
  0.016347288061815193,
  0.016160419365740347,
  0.015846700294461176
]
apple-macos-27.0-2x-light-standard-glass0.5/checkerboard-4__rrect-md__inactive [
  0.016858606608823535,
  0.004292283812301198,
  0.004280945759946944,
  0.004220799253061344
]
apple-macos-27.0-2x-light-standard-glass0.5/checkerboard-4__rrect-md__rest [
  0.025630721182083913,
  0.02012611132104993,
  0.019959961733891817,
  0.0196660245247184
]
apple-macos-27.0-2x-light-standard-glass0.5/checkerboard-4__rrect-ml__rest [
  0.024393147959467263,
  0.0179825765453609,
  0.01781556304341411,
  0.01745913594390239
]
apple-macos-27.0-2x-light-standard-glass0.5/checkerboard-4__rrect-sm__rest [
  0.060538416166830054,
  0.05452492970640824,
  0.05457946758203492,
  0.053174950046951934
]
apple-macos-27.0-2x-light-standard-glass0.5/checkerboard-64__capsule-button__rest-tint-orange [
  0.044361211774198904,
  0.04168031539037675,
  0.04192311262623042,
  0.04218098342578845
]
apple-macos-27.0-2x-light-standard-glass0.5/checkerboard-64__capsule-button__rest [
  0.20706017991385453,
  0.2059129533168586,
  0.2065439950732177,
  0.20697542111058276
]
apple-macos-27.0-2x-light-standard-glass0.5/checkerboard-64__rrect-lg__inactive [
  0.19774556455075978,
  0.19814571441019496,
  0.19856635750470272,
  0.1988721056308384
]
apple-macos-27.0-2x-light-standard-glass0.5/checkerboard-64__rrect-lg__rest [
  0.1731593574922836,
  0.17327083203407684,
  0.17365777551470232,
  0.1739791258787605
]
apple-macos-27.0-2x-light-standard-glass0.5/checkerboard-64__rrect-md__inactive [
  0.18814874658382905,
  0.18777201717304162,
  0.18732151627656204,
  0.1867518596222342
]
apple-macos-27.0-2x-light-standard-glass0.5/checkerboard-64__rrect-md__rest [
  0.1659072689829031,
  0.16559024676443523,
  0.16544577311633465,
  0.16521944982695802
]
apple-macos-27.0-2x-light-standard-glass0.5/checkerboard-64__rrect-ml__rest [
  0.1525784884319877,
  0.15206495316657298,
  0.15214471326509554,
  0.15232513381949292
]
apple-macos-27.0-2x-light-standard-glass0.5/checkerboard-64__rrect-sm__rest [
  0.027040991909861527,
  0.026924095144642838,
  0.02732327289466379,
  0.027770478128076974
]
apple-macos-27.0-2x-light-standard-glass0.5/checkerboard-8__capsule-button__rest-tint-orange [
  0.021070148421067445,
  0.01489201025133821,
  0.014323406569422957,
  0.013874166001669214
]
apple-macos-27.0-2x-light-standard-glass0.5/checkerboard-8__capsule-button__rest [
  0.07090427198691811,
  0.06760372617449384,
  0.0663595457896616,
  0.06543458166605762
]
apple-macos-27.0-2x-light-standard-glass0.5/checkerboard-8__rrect-lg__inactive [
  0.016864513243415438,
  0.005103737881352886,
  0.004739341310959235,
  0.0046933730271427705
]
apple-macos-27.0-2x-light-standard-glass0.5/checkerboard-8__rrect-lg__rest [
  0.025321264245555006,
  0.022335497235347807,
  0.021976266747125987,
  0.021664467249024894
]
apple-macos-27.0-2x-light-standard-glass0.5/checkerboard-8__rrect-md__inactive [
  0.015901626869497035,
  0.005668646911042533,
  0.005624176390272228,
  0.005568351667133578
]
apple-macos-27.0-2x-light-standard-glass0.5/checkerboard-8__rrect-md__rest [
  0.03153427767964888,
  0.027651603285493227,
  0.027286957216515872,
  0.026934919681468644
]
apple-macos-27.0-2x-light-standard-glass0.5/checkerboard-8__rrect-ml__rest [
  0.0286536727293473,
  0.024412600146213884,
  0.02407639549699611,
  0.023751550515781168
]
apple-macos-27.0-2x-light-standard-glass0.5/checkerboard-8__rrect-sm__rest [
  0.08643453413008428,
  0.08220803702622818,
  0.0817495914312194,
  0.08115787333431702
]
apple-macos-27.0-2x-light-standard-glass0.5/checkerboard-lc16__capsule-button__inactive [
  0.0767103067091217,
  0.0756271925721977,
  0.07468357424864198,
  0.07369990877555224
]
apple-macos-27.0-2x-light-standard-glass0.5/checkerboard-lc16__capsule-button__rest [
  0.04254349543651677,
  0.03924723218289445,
  0.03820083953731005,
  0.03662771411825964
]
apple-macos-27.0-2x-light-standard-glass0.5/checkerboard-lc16__rrect-lg__rest [
  0.02195383985210706,
  0.015572337655518026,
  0.01523533261468196,
  0.015024535052531584
]
apple-macos-27.0-2x-light-standard-glass0.5/checkerboard-lc16__rrect-md__inactive [
  0.021624636095226236,
  0.019742293068155652,
  0.019680998436146464,
  0.01965805991795102
]
apple-macos-27.0-2x-light-standard-glass0.5/checkerboard-lc16__rrect-md__rest [
  0.021071645266355618,
  0.016841379069663074,
  0.01643705781212484,
  0.015995705117815354
]
apple-macos-27.0-2x-light-standard-glass0.5/checkerboard-lc16__rrect-ml__rest [
  0.020359655226061396,
  0.01498423134118712,
  0.014644114802452843,
  0.014350610825926955
]
apple-macos-27.0-2x-light-standard-glass0.5/checkerboard-lc16__rrect-sm__rest [
  0.050471689627177144,
  0.04686918355427858,
  0.04449512995180891,
  0.03928914781330284
]
apple-macos-27.0-2x-light-standard-glass0.5/checkerboard__capsule-button__inactive-tint-blue [
  0.09939443144287838,
  0.09755120190445159,
  0.09637564292546603,
  0.09516542507884296
]
apple-macos-27.0-2x-light-standard-glass0.5/checkerboard__capsule-button__inactive-tint-orange [
  0.09939443144287838,
  0.09755120190445159,
  0.09637564292546603,
  0.09516542507884296
]
apple-macos-27.0-2x-light-standard-glass0.5/checkerboard__capsule-button__inactive [
  0.135398961562212,
  0.1333854405508056,
  0.1317862387294602,
  0.13016441746460983
]
apple-macos-27.0-2x-light-standard-glass0.5/checkerboard__capsule-button__rest-tint-blue [
  0.01696839855120203,
  0.011513757774242298,
  0.010699465453302713,
  0.010077754548148576
]
apple-macos-27.0-2x-light-standard-glass0.5/checkerboard__capsule-button__rest-tint-orange [
  0.023049535228531655,
  0.017812538447679525,
  0.017377892248119156,
  0.01701376355257223
]
apple-macos-27.0-2x-light-standard-glass0.5/checkerboard__capsule-button__rest [
  0.08511814387360413,
  0.082647228033117,
  0.08190141821250298,
  0.08101425073092337
]
apple-macos-27.0-2x-light-standard-glass0.5/checkerboard__rrect-md__inactive [
  0.0374261691356928,
  0.03441173140357133,
  0.034304351507992374,
  0.034264656405424976
]
apple-macos-27.0-2x-light-standard-glass0.5/checkerboard__rrect-md__rest [
  0.036995594702990825,
  0.03358413103771736,
  0.03324845228781009,
  0.03296250913692808
]
apple-macos-27.0-2x-light-standard-glass0.5/checkerboard__rrect-ml__inactive [
  0.036514490712510235,
  0.03365914179688666,
  0.03356684955167353,
  0.033539475686146854
]
apple-macos-27.0-2x-light-standard-glass0.5/checkerboard__rrect-ml__rest [
  0.033597765316869296,
  0.029955992532361017,
  0.029633248556910238,
  0.029301611520941743
]
apple-macos-27.0-2x-light-standard-glass0.5/checkerboard__rrect-sm__inactive [
  0.16317134214569082,
  0.16218156767815844,
  0.16192863728482873,
  0.16113935929232623
]
apple-macos-27.0-2x-light-standard-glass0.5/checkerboard__rrect-sm__rest [
  0.10028165247055498,
  0.0981782963183865,
  0.09824895719427215,
  0.09799554212669749
]
apple-macos-27.0-2x-light-standard-glass0.5/checkerboard__toolbar-group__inactive [
  0.1462839790656792,
  0.14202345083175902,
  0.1413287681859786,
  0.14026405394851954
]
apple-macos-27.0-2x-light-standard-glass0.5/checkerboard__toolbar-group__rest [
  0.09610687810217369,
  0.08884973543863432,
  0.08851969360558422,
  0.08793497263145165
]
apple-macos-27.0-2x-light-standard-glass0.5/dark-solid__capsule-button__inactive-tint-orange [
  0.005692344240160168,
  4.3762252198423185e-8,
  7.751826959358459e-8,
  1.0969066518795086e-7
]
apple-macos-27.0-2x-light-standard-glass0.5/dark-solid__capsule-button__inactive [
  0.009103154663451338,
  2.365779326752935e-7,
  2.189063756503755e-7,
  1.9754579042736965e-7
]
apple-macos-27.0-2x-light-standard-glass0.5/dark-solid__capsule-button__rest-tint-orange [
  0.01936529996939658,
  0.014595628370388284,
  0.011684395015501099,
  0.00891839371010908
]
apple-macos-27.0-2x-light-standard-glass0.5/dark-solid__capsule-button__rest [
  0.018915213761768877,
  0.014540387286216122,
  0.011529105138754563,
  0.00887401387108666
]
apple-macos-27.0-2x-light-standard-glass0.5/dark-solid__rrect-lg__inactive [
  0.004597909185792515,
  9.207573280617349e-7,
  9.112428631779622e-7,
  9.011430261474939e-7
]
apple-macos-27.0-2x-light-standard-glass0.5/dark-solid__rrect-md__inactive [ 0.006524416380274724, 0, 0, 0 ]
apple-macos-27.0-2x-light-standard-glass0.5/dark-solid__rrect-md__rest [
  0.014428269303743147,
  0.010931726320506924,
  0.008605700564810755,
  0.0065325904154337295
]
apple-macos-27.0-2x-light-standard-glass0.5/hc-text-28__rrect-lg__rest [
  0.08705116594405037,
  0.08604729993585143,
  0.08561087201986521,
  0.08509328154835233
]
apple-macos-27.0-2x-light-standard-glass0.5/hc-text-28__rrect-md__inactive [
  0.08919118616583625,
  0.0885566892807667,
  0.08886936848241832,
  0.08925510542064564
]
apple-macos-27.0-2x-light-standard-glass0.5/hc-text-28__rrect-md__rest [
  0.0717614593526783,
  0.0709483991450875,
  0.07123592296521782,
  0.07149404430236098
]
apple-macos-27.0-2x-light-standard-glass0.5/hc-text-28__rrect-sm__rest [
  0.09856462560569064,
  0.0985942234340602,
  0.09840423829375645,
  0.09825525733064748
]
apple-macos-27.0-2x-light-standard-glass0.5/hc-text-7__rrect-lg__rest [
  0.0725701195583486,
  0.07157159106887798,
  0.07136022391407464,
  0.07110253466312783
]
apple-macos-27.0-2x-light-standard-glass0.5/hc-text-7__rrect-md__inactive [
  0.04112686988416384,
  0.03815924155503661,
  0.038140629444619586,
  0.03805755973861855
]
apple-macos-27.0-2x-light-standard-glass0.5/hc-text-7__rrect-md__rest [
  0.04596117351603187,
  0.04348754163643642,
  0.04337298696109275,
  0.04315444110542955
]
apple-macos-27.0-2x-light-standard-glass0.5/hc-text-7__rrect-sm__rest [
  0.07772702756785213,
  0.0744815372589336,
  0.07468806832961052,
  0.07417089656397399
]
apple-macos-27.0-2x-light-standard-glass0.5/hc-text__rrect-lg__inactive [
  0.08023711575185417,
  0.07925648140014524,
  0.07924278565348929,
  0.07920977772810878
]
apple-macos-27.0-2x-light-standard-glass0.5/impulse__capsule-button__inactive-tint-orange [
  0.012157561148215878,
  0.01005118157894711,
  0.010197103841119054,
  0.01015239240935225
]
apple-macos-27.0-2x-light-standard-glass0.5/impulse__capsule-button__inactive [
  0.017576122407654597,
  0.013817952039315804,
  0.014015279330591143,
  0.013948435480541288
]
apple-macos-27.0-2x-light-standard-glass0.5/impulse__capsule-button__rest-tint-orange [
  0.021565310588085303,
  0.016264703092021264,
  0.013146098455603087,
  0.010210286105786094
]
apple-macos-27.0-2x-light-standard-glass0.5/impulse__capsule-button__rest [
  0.02240556524993081,
  0.01832393200187922,
  0.01586698597577593,
  0.01356190417185571
]
apple-macos-27.0-2x-light-standard-glass0.5/impulse__rrect-lg__inactive [
  0.00530399002082295,
  0.0046839571699232455,
  0.004702259797491359,
  0.004721328396953663
]
apple-macos-27.0-2x-light-standard-glass0.5/impulse__rrect-md__inactive [
  0.007919565692067518,
  0.00480848769551142,
  0.004818321728302959,
  0.0048381582747187854
]
apple-macos-27.0-2x-light-standard-glass0.5/impulse__rrect-md__rest [
  0.01580224946634637,
  0.012718821641432235,
  0.010499237824027076,
  0.008639081727366589
]
apple-macos-27.0-2x-light-standard-glass0.5/impulse__rrect-ml__inactive [
  0.005506231905667956,
  0.0033634535250875067,
  0.0033536853527345047,
  0.003362148433058063
]
apple-macos-27.0-2x-light-standard-glass0.5/light-solid__capsule-button__inactive-tint-orange [
  0.006001440347271882,
  3.451476938098809e-7,
  3.445843183948749e-7,
  3.4385862228913087e-7
]
apple-macos-27.0-2x-light-standard-glass0.5/light-solid__capsule-button__inactive [
  0.0012956326767260117,
  1.8760082590601104e-7,
  1.772549339140999e-7,
  1.6391277313232422e-7
]
apple-macos-27.0-2x-light-standard-glass0.5/light-solid__capsule-button__rest-tint-orange [
  0.008748098790289606,
  0.001938045248737242,
  0.0017047600729493792,
  0.0014015032163016946
]
apple-macos-27.0-2x-light-standard-glass0.5/light-solid__capsule-button__rest [
  0.006429283598056863,
  0.005655855971548637,
  0.005188156656011044,
  0.004556282544146931
]
apple-macos-27.0-2x-light-standard-glass0.5/light-solid__rrect-lg__inactive [
  0.0017248448171029484,
  0.0001795531864038804,
  0.0000016504339401859807,
  0.0000017082476980592601
]
apple-macos-27.0-2x-light-standard-glass0.5/light-solid__rrect-md__inactive [
  0.0015463546942414105,
  9.27110924142735e-7,
  8.745471066010511e-7,
  8.15081258486351e-7
]
apple-macos-27.0-2x-light-standard-glass0.5/light-solid__rrect-md__rest [
  0.006232956555659656,
  0.005086987714153848,
  0.004828549036648513,
  0.004519913704266209
]
apple-macos-27.0-2x-light-standard-glass0.5/light-solid__rrect-ml__inactive [
  0.0016317185404219618,
  0.00010030839763297276,
  0.0000019004677170924424,
  0.0000018901287445413053
]
apple-macos-27.0-2x-light-standard-glass0.5/light-solid__rrect-ml__rest [
  0.006698166088754831,
  0.005005798376477849,
  0.004772324904050791,
  0.004507500450478872
]
apple-macos-27.0-2x-light-standard-glass0.5/mid-chroma-solid__rrect-lg__inactive [ 0.0054206190831738365, 0.0008228128279274285, 0, 0 ]
apple-macos-27.0-2x-light-standard-glass0.5/mid-dark-solid__rrect-lg__inactive [
  0.008748363338923006,
  0.000953294586824539,
  0.000001336564385943718,
  0.00000132728073138262
]
apple-macos-27.0-2x-light-standard-glass0.5/photo__capsule-button__inactive-tint-blue [
  0.028262667496859715,
  0.027998536558424127,
  0.02819827730592993,
  0.028375181977076627
]
apple-macos-27.0-2x-light-standard-glass0.5/photo__capsule-button__inactive-tint-orange-half [
  0.032752538740239485,
  0.0324745229385305,
  0.032700549022161844,
  0.03290262910452118
]
apple-macos-27.0-2x-light-standard-glass0.5/photo__capsule-button__inactive-tint-orange [
  0.028262667496859715,
  0.027998536558424127,
  0.02819827730592993,
  0.028375181977076627
]
apple-macos-27.0-2x-light-standard-glass0.5/photo__capsule-button__inactive [
  0.03875021243974247,
  0.03825648787018929,
  0.03853135551185215,
  0.0387683419585863
]
apple-macos-27.0-2x-light-standard-glass0.5/photo__capsule-button__rest-tint-blue [
  0.012127512879451786,
  0.009948156622009114,
  0.008371841925411032,
  0.00700018834904991
]
apple-macos-27.0-2x-light-standard-glass0.5/photo__capsule-button__rest-tint-orange-half [
  0.01900906274634829,
  0.017802279227617526,
  0.017267240134913348,
  0.016864258653029963
]
apple-macos-27.0-2x-light-standard-glass0.5/photo__capsule-button__rest-tint-orange [
  0.01296021958115348,
  0.011201193947422616,
  0.01002399972361953,
  0.009066001440583565
]
apple-macos-27.0-2x-light-standard-glass0.5/photo__capsule-button__rest [
  0.036968545938222776,
  0.03621719191557107,
  0.03617060254576344,
  0.036141682166732136
]
apple-macos-27.0-2x-light-standard-glass0.5/photo__rrect-md__inactive-tint-orange [
  0.03542699182894611,
  0.034960558459164,
  0.035032763629224514,
  0.03507333803307534
]
apple-macos-27.0-2x-light-standard-glass0.5/photo__rrect-md__inactive [
  0.04827811652577723,
  0.04775396480938834,
  0.04785290512910959,
  0.047905252404853604
]
apple-macos-27.0-2x-light-standard-glass0.5/photo__rrect-md__rest-tint-orange [
  0.013033888897345783,
  0.011282220516557504,
  0.010621268376805373,
  0.010144188639651159
]
apple-macos-27.0-2x-light-standard-glass0.5/photo__rrect-md__rest [
  0.046353058409961234,
  0.04537642609649389,
  0.045325541948884544,
  0.04526960018485079
]
apple-macos-27.0-2x-light-standard-glass0.5/photo__rrect-ml__inactive [
  0.056940461485892206,
  0.05633728211507911,
  0.05614123741595851,
  0.05593998902931422
]
apple-macos-27.0-2x-light-standard-glass0.5/photo__rrect-ml__rest [
  0.05479685617058988,
  0.053810905912386395,
  0.053566287845443684,
  0.05335018617040667
]
apple-macos-27.0-2x-light-standard-glass0.5/photo__rrect-sm__inactive [
  0.017222009406800687,
  0.013991770896206382,
  0.014215489288934603,
  0.014429372740351326
]
apple-macos-27.0-2x-light-standard-glass0.5/photo__rrect-sm__rest [
  0.019610188535525652,
  0.01556577344645854,
  0.014555453072446156,
  0.013767062602193977
]
apple-macos-27.0-2x-light-standard-glass0.5/photo__toolbar-group__inactive [
  0.06908933499847215,
  0.06701043830245071,
  0.06739245643933463,
  0.06782734498407027
]
apple-macos-27.0-2x-light-standard-glass0.5/photo__toolbar-group__rest [
  0.06788245681502367,
  0.0655815253815367,
  0.06577654189849924,
  0.06604043553592391
]
apple-macos-27.0-1x-light-standard-glass0.5/grey-0__circular-120__rest [
  0.0302324437688169,
  0.008529338701720474,
  0.0054016158899635154,
  0.0032211994331128417
]
apple-macos-27.0-1x-light-standard-glass0.5/grey-32__circular-120__rest [
  0.02110232490363423,
  0.012196919048325181,
  0.0077371272167508194,
  0.003944546507339785
]
apple-macos-27.0-1x-light-standard-glass0.5/grey-64__circular-120__rest [
  0.020129883631253443,
  0.00951828490259745,
  0.006052878596519335,
  0.003127562448096137
]
apple-macos-27.0-1x-light-standard-glass0.5/grey-128__circular-120__rest [
  0.017401667590377336,
  0.005856385761250598,
  0.00367052014592157,
  0.0018711953131992024
]
apple-macos-27.0-1x-light-standard-glass0.5/grey-160__circular-120__rest [
  0.013396065553506028,
  0.002917475536080766,
  0.002030981632380238,
  0.0008011738850856229
]
apple-macos-27.0-1x-light-standard-glass0.5/grey-255__circular-120__rest [
  0.0046191963684404785,
  0.003795732537553881,
  0.0031131790489193085,
  0.0026428878369959582
]
apple-macos-27.0-1x-light-standard-glass0.5/grey-96__circular-120__rest [
  0.019731468024051617,
  0.008637154686031632,
  0.005593784474940377,
  0.0034551967084141344
]
apple-macos-27.0-1x-dark-standard-glass0.5/grey-0__circular-120__rest [ 0.018284266577902438, undefined, undefined, undefined ]
apple-macos-27.0-1x-dark-standard-glass0.5/grey-32__circular-120__rest [
  0.00901031784562057,
  0.0022776986561634173,
  0.00004421929558761162,
  1.618466078954075e-8
]
apple-macos-27.0-1x-dark-standard-glass0.5/grey-64__circular-120__rest [
  0.011371860624444832,
  0.0028694548364885165,
  0.0005176281481024348,
  0.00008067859435705732
]
apple-macos-27.0-1x-dark-standard-glass0.5/grey-128__circular-120__rest [
  0.022679000966563792,
  0.004882211974038976,
  0.00011055192798767292,
  4.6826172955246773e-8
]
apple-macos-27.0-1x-dark-standard-glass0.5/grey-160__circular-120__rest [
  0.023602387631631312,
  0.0038448961496287135,
  0.0005924206928438391,
  1.1336150806175872e-7
]
apple-macos-27.0-1x-dark-standard-glass0.5/grey-255__circular-120__rest [ 0.04362203072571117, 0.008502244817004533, 0.001456386666632598, 0 ]
apple-macos-27.0-1x-dark-standard-glass0.5/grey-96__circular-120__rest [
  0.014723936790871105,
  0.0032724613636281675,
  0.001015932607032854,
  0.0008044344364108809
]
apple-macos-27.0-2x-light-standard-glass0.5/grey-0__circular-120__rest [
  0.022459758300389022,
  0.009827378733534562,
  0.007640466193733022,
  0.005853019505671208
]
apple-macos-27.0-2x-light-standard-glass0.5/grey-32__circular-120__rest [
  0.018806938858325236,
  0.014123968291978569,
  0.011327409532207695,
  0.008621200135559866
]
apple-macos-27.0-2x-light-standard-glass0.5/grey-64__circular-120__rest [
  0.016895790323081396,
  0.011197921517050588,
  0.008979091813414615,
  0.006701101632587728
]
apple-macos-27.0-2x-light-standard-glass0.5/grey-128__circular-120__rest [
  0.013291626475208016,
  0.006501836191767167,
  0.005059553889397092,
  0.003787132409235094
]
apple-macos-27.0-2x-light-standard-glass0.5/grey-160__circular-120__rest [
  0.009771053544522963,
  0.0035536830709040827,
  0.0026273459402306383,
  0.00202891715707841
]
apple-macos-27.0-2x-light-standard-glass0.5/grey-255__circular-120__rest [
  0.004580340340341223,
  0.004166034148414627,
  0.0037726969260046496,
  0.003474311092327406
]
apple-macos-27.0-2x-light-standard-glass0.5/grey-96__circular-120__rest [
  0.015633224054422135,
  0.009551860046402088,
  0.007721747484996557,
  0.006002375182090823
]
apple-macos-27.0-2x-dark-standard-glass0.5/grey-0__circular-120__rest [ 0.019039357837252146, 0.007458755802815001, undefined, undefined ]
apple-macos-27.0-2x-dark-standard-glass0.5/grey-32__circular-120__rest [
  0.007628340067322557,
  0.0027103896736182897,
  0.00042589228786692765,
  1.7938539650531694e-8
]
apple-macos-27.0-2x-dark-standard-glass0.5/grey-64__circular-120__rest [
  0.0094137624803749,
  0.0032489832197384358,
  0.0007821835137237485,
  0.0005999456889794592
]
apple-macos-27.0-2x-dark-standard-glass0.5/grey-128__circular-120__rest [ 0.01866767694427583, 0.005554023671043395, 0.0005489761421092734, 0 ]
apple-macos-27.0-2x-dark-standard-glass0.5/grey-160__circular-120__rest [
  0.019091031900719233,
  0.0028916433134812273,
  0.0007775402017794863,
  0.000604835256489543
]
apple-macos-27.0-2x-dark-standard-glass0.5/grey-255__circular-120__rest [
  0.03362495942694048,
  0.009825601432560659,
  0.002220334994891746,
  0.00144072554465691
]
apple-macos-27.0-2x-dark-standard-glass0.5/grey-96__circular-120__rest [
  0.012274720916277944,
  0.004348315993569589,
  0.001311554611113221,
  0.0011317761913416215
]
