cell               span  sDeep   G0 s0 | far=0.30: s0  exc  kbar | far=0.35: s0  exc  kbar | far=0.40: s0  exc  kbar | far=0.45: s0  exc  kbar | far=0.52: s0  exc  kbar
rrect-sm             32  0.600  0.637 | 0.720 0.120 0.290 | 0.720 0.120 0.290 | 0.720 0.120 0.290 | 0.720 0.120 0.290 | 0.720 0.120 0.290
capsule-button       44  0.595  0.642 | 0.702 0.107 0.311 | 0.702 0.107 0.311 | 0.702 0.107 0.311 | 0.702 0.107 0.311 | 0.702 0.107 0.311
toolbar-group        44  0.595  nan | 0.702 0.107 0.308 | 0.702 0.107 0.308 | 0.702 0.107 0.308 | 0.702 0.107 0.308 | 0.702 0.107 0.308
rrect-md             96  0.481  0.512 | 0.520 0.039 0.489 | 0.520 0.039 0.489 | 0.520 0.039 0.489 | 0.520 0.039 0.489 | 0.520 0.039 0.489
rrect-ml            128  0.364  0.501 | 0.497 0.133 0.546 | 0.502 0.138 0.543 | 0.508 0.144 0.539 | 0.513 0.149 0.535 | 0.520 0.156 0.531
glass-over-glass    130  0.356  nan | 0.494 0.138 0.551 | 0.500 0.144 0.547 | 0.506 0.150 0.543 | 0.512 0.156 0.539 | 0.520 0.164 0.534
rrect-lg            160  0.236  0.410 | 0.443 0.206 0.641 | 0.460 0.224 0.631 | 0.478 0.242 0.620 | 0.495 0.259 0.610 | 0.520 0.284 0.595

third form (far == thick 0.52) is the last column; the reference's implied excursion at 1x: {'rrect-sm': 0.037, 'capsule-button': 0.047, 'rrect-md': 0.031, 'rrect-ml': 0.137, 'rrect-lg': 0.174}
