W25 G2 — OKLab ΔE mean per cell per rung, and X5's thin-invariance read
====================================================================================================

ΔE is the mean OKLab distance between the rung's WebGPU capture and the reference fixture
over the declared component region — the matrix's own `oklabDeltaEMean`, restated. The
`Δ vs r0` columns are what X5 reads: a THIN cell (span ≤ 44) moved by more than 0.001 at
any rung stops the ladder.

bed          scene                                     span        r0       rA       rE       rB       rC      rC2       rD       rG       rF      Δ rA      Δ rE      Δ rB      Δ rC     Δ rC2      Δ rD      Δ rG      Δ rF
canon-dark   checkerboard__capsule-button__rest          44   0.06271  0.06266  0.06262  0.06259  0.06271  0.06271  0.06272  0.06258  0.06259  -0.00004  -0.00009  -0.00012  +0.00000  +0.00000  +0.00002  -0.00012  -0.00012   THIN
canon-dark   checkerboard__rrect-md__rest                96   0.01417  0.01150  0.01146  0.01412  0.01417  0.01417  0.01411  0.01369  0.01361  -0.00266  -0.00271  -0.00004  +0.00000  +0.00000  -0.00006  -0.00047  -0.00056
canon-dark   dark-solid__capsule-button__rest            44   0.00548  0.00548  0.00548  0.00548  0.00548  0.00548  0.00548  0.00548  0.00547  +0.00000  +0.00000  +0.00000  +0.00000  +0.00000  +0.00000  +0.00000  -0.00001   THIN
canon-dark   dark-solid__rrect-md__rest                  96   0.01341  0.01341  0.01341  0.01341  0.01341  0.01341  0.01345  0.01341  0.01325  +0.00000  +0.00000  +0.00000  +0.00000  +0.00000  +0.00004  +0.00000  -0.00016
canon-dark   impulse__capsule-button__rest               44   0.03159  0.03159  0.03159  0.03159  0.03159  0.03159  0.03157  0.03159  0.03159  +0.00000  +0.00000  +0.00000  +0.00000  +0.00000  -0.00002  +0.00000  +0.00000   THIN
canon-dark   photo__capsule-button__rest                 44   0.09541  0.09542  0.09542  0.09542  0.09541  0.09541  0.09538  0.09542  0.09541  +0.00001  +0.00001  +0.00001  +0.00000  +0.00000  -0.00002  +0.00001  -0.00000   THIN
canon-dark   photo__rrect-md__rest                       96   0.05114  0.05138  0.05144  0.05165  0.05114  0.05114  0.05118  0.05162  0.05156  +0.00024  +0.00030  +0.00051  +0.00000  +0.00000  +0.00004  +0.00048  +0.00042
canon-light  checkerboard__capsule-button__rest          44   0.02787  0.02789  0.02783  0.02791  0.02787  0.02787  0.02789  0.02791  0.02791  +0.00001  -0.00004  +0.00004  +0.00000  +0.00000  +0.00002  +0.00004  +0.00004   THIN
canon-light  checkerboard__rrect-md__rest                96   0.01238  0.01438  0.01524  0.01831  0.01238  0.01238  0.01230  0.01789  0.01781  +0.00200  +0.00286  +0.00593  +0.00000  +0.00000  -0.00008  +0.00551  +0.00543
canon-light  checkerboard__rrect-ml__rest               128   0.00872  0.00842  0.00984  0.01131  0.00908  0.00875  0.00886  0.01131  0.01145  -0.00031  +0.00111  +0.00258  +0.00036  +0.00003  +0.00013  +0.00258  +0.00273
canon-light  checkerboard__rrect-sm__rest                32   0.02571  0.02571  0.02571  0.02571  0.02571  0.02571  0.02571  0.02571  0.02571  +0.00000  +0.00000  +0.00000  +0.00000  +0.00000  +0.00000  +0.00000  +0.00000   THIN
canon-light  checkerboard__toolbar-group__rest           44   0.02687  0.02681  0.02676  0.02680  0.02687  0.02687  0.02690  0.02679  0.02681  -0.00006  -0.00011  -0.00007  +0.00000  +0.00000  +0.00003  -0.00008  -0.00007   THIN
canon-light  dark-solid__capsule-button__rest            44   0.00548  0.00548  0.00548  0.00548  0.00548  0.00548  0.00548  0.00548  0.00547  +0.00000  +0.00000  +0.00000  +0.00000  +0.00000  +0.00000  +0.00000  -0.00001   THIN
canon-light  dark-solid__rrect-md__rest                  96   0.00877  0.00877  0.00877  0.00877  0.00877  0.00877  0.00890  0.00877  0.00873  +0.00000  +0.00000  +0.00000  +0.00000  +0.00000  +0.00013  +0.00000  -0.00004
canon-light  impulse__capsule-button__rest               44   0.03159  0.03159  0.03159  0.03159  0.03159  0.03159  0.03157  0.03159  0.03159  +0.00000  +0.00000  +0.00000  +0.00000  +0.00000  -0.00002  +0.00000  +0.00000   THIN
canon-light  impulse__rrect-md__rest                     96   0.01863  0.01868  0.01868  0.01870  0.01863  0.01863  0.01863  0.01870  0.01861  +0.00004  +0.00005  +0.00007  +0.00000  +0.00000  -0.00001  +0.00006  -0.00002
canon-light  light-solid__capsule-button__rest           44   0.00362  0.00362  0.00362  0.00362  0.00362  0.00362  0.00362  0.00362  0.00362  +0.00000  +0.00000  +0.00000  +0.00000  +0.00000  -0.00000  +0.00000  -0.00000   THIN
canon-light  light-solid__rrect-md__rest                 96   0.00299  0.00299  0.00299  0.00299  0.00299  0.00299  0.00302  0.00299  0.00297  +0.00000  +0.00000  +0.00000  +0.00000  +0.00000  +0.00003  +0.00000  -0.00002
canon-light  light-solid__rrect-ml__rest                128   0.00213  0.00213  0.00213  0.00213  0.00254  0.00355  0.00214  0.00213  0.00356  +0.00000  +0.00000  +0.00000  +0.00041  +0.00142  +0.00002  +0.00000  +0.00143
canon-light  photo__capsule-button__rest                 44   0.02802  0.02803  0.02804  0.02804  0.02802  0.02802  0.02806  0.02804  0.02805  +0.00001  +0.00001  +0.00002  +0.00000  +0.00000  +0.00004  +0.00001  +0.00003   THIN
canon-light  photo__rrect-md__rest                       96   0.04384  0.04404  0.04410  0.04427  0.04384  0.04384  0.04399  0.04425  0.04426  +0.00020  +0.00026  +0.00043  +0.00000  +0.00000  +0.00015  +0.00041  +0.00042
canon-light  photo__rrect-ml__rest                      128   0.04629  0.04652  0.04658  0.04665  0.04629  0.04630  0.04642  0.04665  0.04672  +0.00022  +0.00029  +0.00035  -0.00000  +0.00001  +0.00013  +0.00035  +0.00043
canon-light  photo__rrect-sm__rest                       32   0.02841  0.02841  0.02841  0.02841  0.02841  0.02841  0.02841  0.02841  0.02841  +0.00000  +0.00000  +0.00000  +0.00000  +0.00000  +0.00000  +0.00000  +0.00000   THIN
canon-light  photo__toolbar-group__rest                  44   0.03440  0.03440  0.03441  0.03441  0.03440  0.03440  0.03446  0.03441  0.03444  +0.00001  +0.00001  +0.00002  +0.00000  +0.00000  +0.00006  +0.00002  +0.00004   THIN
w21          checkerboard-32__capsule-button__rest       44   0.06556  0.06548  0.06543  0.06540  0.06556  0.06556  0.06560  0.06542  0.06543  -0.00009  -0.00013  -0.00016  +0.00000  +0.00000  +0.00004  -0.00015  -0.00013   THIN
w21          checkerboard-32__rrect-lg__rest            160   0.01245  0.01466  0.01466  0.01466  0.01245  0.01529  0.01246  0.01466  0.02315  +0.00220  +0.00220  +0.00220  +0.00000  +0.00284  +0.00001  +0.00220  +0.01070
w21          checkerboard-32__rrect-md__rest             96   0.01233  0.01377  0.01497  0.01887  0.01233  0.01233  0.01232  0.01835  0.01831  +0.00144  +0.00263  +0.00654  +0.00000  +0.00000  -0.00001  +0.00602  +0.00597
w21          checkerboard-32__rrect-ml__rest            128   0.01194  0.01174  0.01301  0.01452  0.01194  0.01031  0.01220  0.01452  0.01499  -0.00020  +0.00107  +0.00258  +0.00000  -0.00163  +0.00026  +0.00258  +0.00305
w21          checkerboard-32__rrect-sm__rest             32   0.06456  0.06456  0.06456  0.06456  0.06456  0.06456  0.06456  0.06456  0.06456  +0.00000  +0.00000  +0.00000  +0.00000  +0.00000  +0.00000  +0.00000  +0.00000   THIN
w21          checkerboard-4__capsule-button__rest        44   0.05694  0.05687  0.05687  0.05686  0.05694  0.05694  0.05699  0.05686  0.05691  -0.00007  -0.00007  -0.00008  +0.00000  +0.00000  +0.00005  -0.00008  -0.00003   THIN
w21          checkerboard-4__rrect-lg__rest             160   0.00719  0.00767  0.00767  0.00767  0.00719  0.02091  0.00708  0.00767  0.02798  +0.00049  +0.00049  +0.00049  +0.00000  +0.01372  -0.00010  +0.00049  +0.02080
w21          checkerboard-4__rrect-md__rest              96   0.01179  0.01197  0.01210  0.01253  0.01179  0.01179  0.01190  0.01243  0.01239  +0.00018  +0.00030  +0.00073  +0.00000  +0.00000  +0.00010  +0.00063  +0.00060
w21          checkerboard-4__rrect-ml__rest             128   0.00860  0.00919  0.00934  0.00950  0.00860  0.01128  0.00859  0.00950  0.01345  +0.00059  +0.00075  +0.00090  +0.00000  +0.00268  -0.00000  +0.00090  +0.00485
w21          checkerboard-4__rrect-sm__rest              32   0.05560  0.05560  0.05560  0.05560  0.05560  0.05560  0.05560  0.05560  0.05560  +0.00000  +0.00000  +0.00000  +0.00000  +0.00000  +0.00000  +0.00000  +0.00000   THIN
w21          checkerboard-64__capsule-button__rest       44   0.06999  0.07010  0.07012  0.07018  0.06999  0.06999  0.07001  0.07017  0.07019  +0.00011  +0.00013  +0.00019  +0.00000  +0.00000  +0.00002  +0.00018  +0.00020   THIN
w21          checkerboard-64__rrect-md__rest             96   0.03287  0.03106  0.03080  0.03097  0.03287  0.03287  0.03285  0.03088  0.03079  -0.00181  -0.00207  -0.00190  +0.00000  +0.00000  -0.00002  -0.00199  -0.00208
w21          checkerboard-64__rrect-ml__rest            128   0.02668  0.02353  0.02319  0.02310  0.02668  0.02399  0.02677  0.02310  0.01923  -0.00316  -0.00349  -0.00359  +0.00000  -0.00269  +0.00009  -0.00359  -0.00745
w21          checkerboard-64__rrect-sm__rest             32   0.06381  0.06381  0.06381  0.06381  0.06381  0.06381  0.06381  0.06381  0.06381  +0.00000  +0.00000  +0.00000  +0.00000  +0.00000  +0.00000  +0.00000  +0.00000   THIN
w21          checkerboard-lc16__capsule-button__rest     44   0.02580  0.02580  0.02580  0.02580  0.02580  0.02580  0.02581  0.02580  0.02580  -0.00000  -0.00001  -0.00000  +0.00000  +0.00000  +0.00001  -0.00000  -0.00000   THIN
w21          checkerboard-lc16__rrect-md__rest           96   0.01032  0.01040  0.01050  0.01062  0.01032  0.01032  0.01039  0.01058  0.01042  +0.00008  +0.00017  +0.00030  +0.00000  +0.00000  +0.00007  +0.00026  +0.00009
w21          checkerboard-lc16__rrect-ml__rest          128   0.00866  0.00720  0.00717  0.00722  0.00802  0.01068  0.00877  0.00722  0.01211  -0.00146  -0.00149  -0.00143  -0.00064  +0.00203  +0.00011  -0.00143  +0.00345
w21          checkerboard-lc16__rrect-sm__rest           32   0.02394  0.02394  0.02394  0.02394  0.02394  0.02394  0.02394  0.02394  0.02394  +0.00000  +0.00000  +0.00000  +0.00000  +0.00000  +0.00000  +0.00000  +0.00000   THIN
w21          checkerboard__capsule-button__rest          44   0.06271  0.06266  0.06262  0.06259  0.06271  0.06271  0.06272  0.06258  0.06259  -0.00004  -0.00009  -0.00012  +0.00000  +0.00000  +0.00002  -0.00012  -0.00012   THIN
w21          checkerboard__rrect-lg__rest               160   0.01480  0.01000  0.01000  0.01000  0.01480  0.02044  0.01491  0.01000  0.02686  -0.00480  -0.00480  -0.00480  +0.00000  +0.00564  +0.00011  -0.00480  +0.01206
w21          checkerboard__rrect-md__rest                96   0.01417  0.01150  0.01146  0.01412  0.01417  0.01417  0.01411  0.01369  0.01361  -0.00266  -0.00271  -0.00004  +0.00000  +0.00000  -0.00006  -0.00047  -0.00056
w21          checkerboard__rrect-ml__rest               128   0.01557  0.01023  0.00978  0.00994  0.01557  0.01566  0.01567  0.00994  0.01271  -0.00535  -0.00580  -0.00564  +0.00000  +0.00008  +0.00009  -0.00564  -0.00286
w21          checkerboard__rrect-sm__rest                32   0.06295  0.06295  0.06295  0.06295  0.06295  0.06295  0.06295  0.06295  0.06295  +0.00000  +0.00000  +0.00000  +0.00000  +0.00000  +0.00000  +0.00000  +0.00000   THIN
w21          dark-solid__rrect-lg__rest                 160   0.01298  0.01298  0.01298  0.01298  0.01719  0.05045  0.01297  0.01298  0.06280  +0.00000  +0.00000  +0.00000  +0.00421  +0.03747  -0.00001  +0.00000  +0.04982
w21          dark-solid__rrect-md__rest                  96   0.01341  0.01341  0.01341  0.01341  0.01341  0.01341  0.01345  0.01341  0.01325  +0.00000  +0.00000  +0.00000  +0.00000  +0.00000  +0.00004  +0.00000  -0.00016
w21          hc-text-28__rrect-md__rest                  96   0.01225  0.01625  0.01740  0.02100  0.01225  0.01225  0.01226  0.02055  0.02045  +0.00400  +0.00515  +0.00876  +0.00000  +0.00000  +0.00001  +0.00830  +0.00821
w21          hc-text-28__rrect-sm__rest                  32   0.04077  0.04077  0.04077  0.04077  0.04077  0.04077  0.04077  0.04077  0.04077  +0.00000  +0.00000  +0.00000  +0.00000  +0.00000  +0.00000  +0.00000  +0.00000   THIN
w21          hc-text-7__rrect-lg__rest                  160   0.01679  0.01664  0.01664  0.01664  0.02795  0.00790  0.01686  0.01664  0.00727  -0.00016  -0.00016  -0.00016  +0.01116  -0.00889  +0.00007  -0.00016  -0.00952
w21          hc-text-7__rrect-md__rest                   96   0.01707  0.01699  0.01692  0.01698  0.01707  0.01707  0.01720  0.01695  0.01691  -0.00008  -0.00015  -0.00009  +0.00000  +0.00000  +0.00013  -0.00012  -0.00016
w21          hc-text-7__rrect-sm__rest                   32   0.02833  0.02833  0.02833  0.02833  0.02833  0.02833  0.02833  0.02833  0.02833  +0.00000  +0.00000  +0.00000  +0.00000  +0.00000  +0.00000  +0.00000  +0.00000   THIN
w21          hc-text__rrect-lg__rest                    160   0.01886  0.01838  0.01838  0.01838  0.02951  0.00922  0.01894  0.01838  0.00701  -0.00048  -0.00048  -0.00048  +0.01065  -0.00964  +0.00008  -0.00048  -0.01185
w21          hc-text__rrect-md__rest                     96   0.01496  0.01508  0.01545  0.01701  0.01496  0.01496  0.01497  0.01676  0.01667  +0.00011  +0.00049  +0.00205  +0.00000  +0.00000  +0.00001  +0.00180  +0.00171
w21          hc-text__rrect-sm__rest                     32   0.02576  0.02576  0.02576  0.02576  0.02576  0.02576  0.02576  0.02576  0.02576  +0.00000  +0.00000  +0.00000  +0.00000  +0.00000  +0.00000  +0.00000  +0.00000   THIN
w21          light-solid__rrect-lg__rest                160   0.00600  0.00600  0.00600  0.00600  0.03033  0.00762  0.00611  0.00600  0.01077  +0.00000  +0.00000  +0.00000  +0.02433  +0.00163  +0.00011  +0.00000  +0.00477
w21          light-solid__rrect-md__rest                 96   0.00788  0.00788  0.00788  0.00788  0.00788  0.00788  0.00800  0.00788  0.00769  +0.00000  +0.00000  +0.00000  +0.00000  +0.00000  +0.00013  +0.00000  -0.00019
w21          mid-dark-solid__rrect-lg__rest             160   0.00768  0.00768  0.00768  0.00768  0.00039  0.03224  0.00769  0.00768  0.04374  +0.00000  +0.00000  +0.00000  -0.00729  +0.02456  +0.00001  +0.00000  +0.03606
w21          mid-dark-solid__rrect-md__rest              96   0.00551  0.00551  0.00551  0.00551  0.00551  0.00551  0.00556  0.00551  0.00528  +0.00000  +0.00000  +0.00000  +0.00000  +0.00000  +0.00005  +0.00000  -0.00023
w21          mid-dark-solid__rrect-sm__rest              32   0.00102  0.00102  0.00102  0.00102  0.00102  0.00102  0.00102  0.00102  0.00102  +0.00000  +0.00000  +0.00000  +0.00000  +0.00000  +0.00000  +0.00000  +0.00000   THIN
w21          photo__rrect-lg__rest                      160   0.04246  0.04279  0.04279  0.04279  0.04788  0.04521  0.04250  0.04279  0.04927  +0.00033  +0.00033  +0.00033  +0.00542  +0.00275  +0.00004  +0.00033  +0.00681
w21          photo__rrect-md__rest                       96   0.05114  0.05138  0.05144  0.05165  0.05114  0.05114  0.05118  0.05162  0.05156  +0.00024  +0.00030  +0.00051  +0.00000  +0.00000  +0.00004  +0.00048  +0.00042
w21          photo__rrect-sm__rest                       32   0.08634  0.08634  0.08634  0.08634  0.08634  0.08634  0.08634  0.08634  0.08634  +0.00000  +0.00000  +0.00000  +0.00000  +0.00000  +0.00000  +0.00000  +0.00000   THIN
w9           checkerboard-32__capsule-button__rest       44   0.02581  0.02583  0.02581  0.02588  0.02581  0.02581  0.02584  0.02586  0.02587  +0.00002  +0.00000  +0.00007  +0.00000  +0.00000  +0.00002  +0.00005  +0.00006   THIN
w9           checkerboard-32__rrect-lg__rest            160   0.01434  0.02188  0.02188  0.02188  0.01664  0.01414  0.01431  0.02188  0.02184  +0.00753  +0.00753  +0.00753  +0.00230  -0.00020  -0.00003  +0.00753  +0.00749
w9           checkerboard-32__rrect-md__rest             96   0.01970  0.02426  0.02547  0.02894  0.01970  0.01970  0.01986  0.02843  0.02846  +0.00457  +0.00577  +0.00924  +0.00000  +0.00000  +0.00016  +0.00873  +0.00876
w9           checkerboard-32__rrect-ml__rest            128   0.01451  0.02079  0.02239  0.02413  0.01428  0.01463  0.01468  0.02413  0.02422  +0.00628  +0.00788  +0.00962  -0.00022  +0.00012  +0.00018  +0.00962  +0.00971
w9           checkerboard-32__rrect-sm__rest             32   0.02483  0.02483  0.02483  0.02483  0.02483  0.02483  0.02483  0.02483  0.02483  +0.00000  +0.00000  +0.00000  +0.00000  +0.00000  +0.00000  +0.00000  +0.00000   THIN
w9           checkerboard-4__capsule-button__rest        44   0.03104  0.03099  0.03099  0.03096  0.03104  0.03104  0.03106  0.03096  0.03096  -0.00005  -0.00006  -0.00008  +0.00000  +0.00000  +0.00001  -0.00008  -0.00009   THIN
w9           checkerboard-4__rrect-lg__rest             160   0.00800  0.00865  0.00865  0.00865  0.01488  0.00617  0.00808  0.00865  0.00671  +0.00066  +0.00066  +0.00066  +0.00688  -0.00183  +0.00008  +0.00066  -0.00129
w9           checkerboard-4__rrect-md__rest              96   0.01250  0.01284  0.01300  0.01335  0.01250  0.01250  0.01259  0.01333  0.01331  +0.00034  +0.00049  +0.00085  +0.00000  +0.00000  +0.00009  +0.00082  +0.00080
w9           checkerboard-4__rrect-ml__rest             128   0.00717  0.00846  0.00873  0.00907  0.00790  0.00741  0.00725  0.00907  0.00903  +0.00129  +0.00156  +0.00190  +0.00073  +0.00024  +0.00008  +0.00190  +0.00186
w9           checkerboard-4__rrect-sm__rest              32   0.02956  0.02956  0.02956  0.02956  0.02956  0.02956  0.02956  0.02956  0.02956  +0.00000  +0.00000  +0.00000  +0.00000  +0.00000  +0.00000  +0.00000  +0.00000   THIN
w9           checkerboard-64__capsule-button__rest       44   0.04039  0.04039  0.04042  0.04043  0.04039  0.04039  0.04042  0.04043  0.04044  +0.00001  +0.00003  +0.00005  +0.00000  +0.00000  +0.00003  +0.00004  +0.00005   THIN
w9           checkerboard-64__rrect-md__rest             96   0.01507  0.01824  0.01902  0.02136  0.01507  0.01507  0.01548  0.02103  0.02107  +0.00317  +0.00395  +0.00629  +0.00000  +0.00000  +0.00041  +0.00596  +0.00600
w9           checkerboard-64__rrect-ml__rest            128   0.01182  0.01622  0.01735  0.01852  0.01130  0.01201  0.01201  0.01852  0.01872  +0.00441  +0.00553  +0.00670  -0.00052  +0.00020  +0.00020  +0.00670  +0.00691
w9           checkerboard-64__rrect-sm__rest             32   0.01862  0.01862  0.01862  0.01862  0.01862  0.01862  0.01862  0.01862  0.01862  +0.00000  +0.00000  +0.00000  +0.00000  +0.00000  +0.00000  +0.00000  +0.00000   THIN
w9           checkerboard-lc16__capsule-button__rest     44   0.00455  0.00459  0.00461  0.00465  0.00455  0.00455  0.00458  0.00462  0.00463  +0.00004  +0.00006  +0.00010  +0.00000  +0.00000  +0.00003  +0.00007  +0.00008   THIN
w9           checkerboard-lc16__rrect-md__rest           96   0.00594  0.00627  0.00629  0.00693  0.00594  0.00594  0.00595  0.00678  0.00672  +0.00034  +0.00036  +0.00100  +0.00000  +0.00000  +0.00001  +0.00084  +0.00079
w9           checkerboard-lc16__rrect-ml__rest          128   0.00427  0.00306  0.00329  0.00380  0.00505  0.00424  0.00439  0.00380  0.00404  -0.00120  -0.00098  -0.00047  +0.00078  -0.00003  +0.00012  -0.00047  -0.00022
w9           checkerboard-lc16__rrect-sm__rest           32   0.00441  0.00441  0.00441  0.00441  0.00441  0.00441  0.00441  0.00441  0.00441  +0.00000  +0.00000  +0.00000  +0.00000  +0.00000  +0.00000  +0.00000  +0.00000   THIN
w9           checkerboard__capsule-button__rest          44   0.02787  0.02789  0.02783  0.02791  0.02787  0.02787  0.02789  0.02791  0.02791  +0.00001  -0.00004  +0.00004  +0.00000  +0.00000  +0.00002  +0.00004  +0.00004   THIN
w9           checkerboard__rrect-lg__rest               160   0.00888  0.00825  0.00825  0.00825  0.01518  0.00768  0.00895  0.00825  0.00719  -0.00063  -0.00063  -0.00063  +0.00630  -0.00120  +0.00007  -0.00063  -0.00169
w9           checkerboard__rrect-md__rest                96   0.01238  0.01438  0.01524  0.01831  0.01238  0.01238  0.01230  0.01789  0.01781  +0.00200  +0.00286  +0.00593  +0.00000  +0.00000  -0.00008  +0.00551  +0.00543
w9           checkerboard__rrect-ml__rest               128   0.00872  0.00842  0.00984  0.01131  0.00908  0.00875  0.00886  0.01131  0.01145  -0.00031  +0.00111  +0.00258  +0.00036  +0.00003  +0.00013  +0.00258  +0.00273
w9           checkerboard__rrect-sm__rest                32   0.02571  0.02571  0.02571  0.02571  0.02571  0.02571  0.02571  0.02571  0.02571  +0.00000  +0.00000  +0.00000  +0.00000  +0.00000  +0.00000  +0.00000  +0.00000   THIN
w9           dark-solid__rrect-lg__rest                 160   0.00583  0.00583  0.00583  0.00583  0.07633  0.00373  0.00593  0.00583  0.00251  +0.00000  +0.00000  +0.00000  +0.07050  -0.00210  +0.00011  +0.00000  -0.00332
w9           dark-solid__rrect-md__rest                  96   0.00877  0.00877  0.00877  0.00877  0.00877  0.00877  0.00890  0.00877  0.00873  +0.00000  +0.00000  +0.00000  +0.00000  +0.00000  +0.00013  +0.00000  -0.00004
w9           dark-solid__rrect-sm__rest                  32   0.00586  0.00586  0.00586  0.00586  0.00586  0.00586  0.00586  0.00586  0.00586  +0.00000  +0.00000  +0.00000  +0.00000  +0.00000  +0.00000  +0.00000  +0.00000   THIN
w9           hc-text-28__rrect-md__rest                  96   0.01861  0.02327  0.02448  0.02810  0.01861  0.01861  0.01856  0.02761  0.02756  +0.00466  +0.00587  +0.00949  +0.00000  +0.00000  -0.00006  +0.00900  +0.00895
w9           hc-text-28__rrect-sm__rest                  32   0.02053  0.02053  0.02053  0.02053  0.02053  0.02053  0.02053  0.02053  0.02053  +0.00000  +0.00000  +0.00000  +0.00000  +0.00000  +0.00000  +0.00000  +0.00000   THIN
w9           hc-text-7__rrect-lg__rest                  160   0.01071  0.01036  0.01036  0.01036  0.01437  0.00983  0.01081  0.01036  0.00907  -0.00035  -0.00035  -0.00035  +0.00366  -0.00088  +0.00010  -0.00035  -0.00164
w9           hc-text-7__rrect-md__rest                   96   0.01686  0.01655  0.01648  0.01653  0.01686  0.01686  0.01683  0.01651  0.01645  -0.00031  -0.00038  -0.00033  +0.00000  +0.00000  -0.00003  -0.00035  -0.00041
w9           hc-text-7__rrect-sm__rest                   32   0.03654  0.03654  0.03654  0.03654  0.03654  0.03654  0.03654  0.03654  0.03654  +0.00000  +0.00000  +0.00000  +0.00000  +0.00000  +0.00000  +0.00000  +0.00000   THIN
w9           hc-text__rrect-lg__rest                    160   0.00898  0.01012  0.01012  0.01012  0.01391  0.00757  0.00904  0.01012  0.00862  +0.00114  +0.00114  +0.00114  +0.00493  -0.00141  +0.00007  +0.00114  -0.00036
w9           hc-text__rrect-md__rest                     96   0.01390  0.01520  0.01579  0.01773  0.01390  0.01390  0.01381  0.01744  0.01741  +0.00130  +0.00190  +0.00383  +0.00000  +0.00000  -0.00008  +0.00354  +0.00351
w9           hc-text__rrect-sm__rest                     32   0.01686  0.01686  0.01686  0.01686  0.01686  0.01686  0.01686  0.01686  0.01686  +0.00000  +0.00000  +0.00000  +0.00000  +0.00000  +0.00000  +0.00000  +0.00000   THIN
w9           light-solid__rrect-lg__rest                160   0.00201  0.00200  0.00200  0.00200  0.00485  0.00318  0.00202  0.00200  0.00542  -0.00000  -0.00000  -0.00000  +0.00285  +0.00117  +0.00001  -0.00000  +0.00342
w9           light-solid__rrect-md__rest                 96   0.00299  0.00299  0.00299  0.00299  0.00299  0.00299  0.00302  0.00299  0.00297  +0.00000  +0.00000  +0.00000  +0.00000  +0.00000  +0.00003  +0.00000  -0.00002
w9           light-solid__rrect-sm__rest                 32   0.00366  0.00366  0.00366  0.00366  0.00366  0.00366  0.00366  0.00366  0.00366  +0.00000  +0.00000  +0.00000  +0.00000  +0.00000  +0.00000  +0.00000  +0.00000   THIN
w9           mid-dark-solid__rrect-lg__rest             160   0.00480  0.00480  0.00480  0.00480  0.01500  0.00151  0.00492  0.00480  0.00097  -0.00000  -0.00000  -0.00000  +0.01020  -0.00329  +0.00012  -0.00000  -0.00383
w9           mid-dark-solid__rrect-md__rest              96   0.00799  0.00799  0.00799  0.00799  0.00799  0.00799  0.00812  0.00799  0.00797  +0.00000  +0.00000  +0.00000  +0.00000  +0.00000  +0.00014  +0.00000  -0.00002
w9           mid-dark-solid__rrect-sm__rest              32   0.00944  0.00944  0.00944  0.00944  0.00944  0.00944  0.00944  0.00944  0.00944  +0.00000  +0.00000  +0.00000  +0.00000  +0.00000  +0.00000  +0.00000  +0.00000   THIN
w9           photo__rrect-lg__rest                      160   0.04649  0.04673  0.04673  0.04673  0.04702  0.04638  0.04658  0.04673  0.04670  +0.00025  +0.00025  +0.00025  +0.00053  -0.00011  +0.00009  +0.00025  +0.00021
w9           photo__rrect-md__rest                       96   0.04384  0.04404  0.04410  0.04427  0.04384  0.04384  0.04399  0.04425  0.04426  +0.00020  +0.00026  +0.00043  +0.00000  +0.00000  +0.00015  +0.00041  +0.00042
w9           photo__rrect-sm__rest                       32   0.02841  0.02841  0.02841  0.02841  0.02841  0.02841  0.02841  0.02841  0.02841  +0.00000  +0.00000  +0.00000  +0.00000  +0.00000  +0.00000  +0.00000  +0.00000   THIN

worst thin-cell movement over all rungs: 0.000196  at ('w21', 'checkerboard-64__capsule-button__rest', 'rF')
X5's stop is 0.001 — PASS

  -- all four 1x beds --
  rung r0  : mean ΔE over 108 cells 0.02284 (+0.00000 against r0)
  rung rA  : mean ΔE over 108 cells 0.02307 (+0.00023 against r0)
  rung rE  : mean ΔE over 108 cells 0.02321 (+0.00036 against r0)
  rung rB  : mean ΔE over 108 cells 0.02361 (+0.00077 against r0)
  rung rC  : mean ΔE over 108 cells 0.02431 (+0.00146 against r0)
  rung rC2 : mean ΔE over 108 cells 0.02343 (+0.00058 against r0)
  rung rD  : mean ΔE over 108 cells 0.02289 (+0.00004 against r0)
  rung rG  : mean ΔE over 108 cells 0.02356 (+0.00072 against r0)
  rung rF  : mean ΔE over 108 cells 0.02468 (+0.00184 against r0)

  -- the canonical 1x beds only --
  rung r0  : mean ΔE over  24 cells 0.02624 (+0.00000 against r0)
  rung rA  : mean ΔE over  24 cells 0.02622 (-0.00001 against r0)
  rung rE  : mean ΔE over  24 cells 0.02632 (+0.00008 against r0)
  rung rB  : mean ΔE over  24 cells 0.02664 (+0.00041 against r0)
  rung rC  : mean ΔE over  24 cells 0.02627 (+0.00003 against r0)
  rung rC2 : mean ΔE over  24 cells 0.02630 (+0.00006 against r0)
  rung rD  : mean ΔE over  24 cells 0.02626 (+0.00003 against r0)
  rung rG  : mean ΔE over  24 cells 0.02660 (+0.00037 against r0)
  rung rF  : mean ΔE over  24 cells 0.02665 (+0.00042 against r0)

  -- the two probe grids only --
  rung r0  : mean ΔE over  84 cells 0.02188 (+0.00000 against r0)
  rung rA  : mean ΔE over  84 cells 0.02217 (+0.00029 against r0)
  rung rE  : mean ΔE over  84 cells 0.02232 (+0.00044 against r0)
  rung rB  : mean ΔE over  84 cells 0.02274 (+0.00087 against r0)
  rung rC  : mean ΔE over  84 cells 0.02375 (+0.00187 against r0)
  rung rC2 : mean ΔE over  84 cells 0.02261 (+0.00073 against r0)
  rung rD  : mean ΔE over  84 cells 0.02192 (+0.00005 against r0)
  rung rG  : mean ΔE over  84 cells 0.02269 (+0.00082 against r0)
  rung rF  : mean ΔE over  84 cells 0.02412 (+0.00224 against r0)

  -- thick cells only (span > 44) --
  rung r0  : mean ΔE over  63 cells 0.01543 (+0.00000 against r0)
  rung rA  : mean ΔE over  63 cells 0.01582 (+0.00039 against r0)
  rung rE  : mean ΔE over  63 cells 0.01606 (+0.00063 against r0)
  rung rB  : mean ΔE over  63 cells 0.01674 (+0.00131 against r0)
  rung rC  : mean ΔE over  63 cells 0.01793 (+0.00251 against r0)
  rung rC2 : mean ΔE over  63 cells 0.01642 (+0.00100 against r0)
  rung rD  : mean ΔE over  63 cells 0.01549 (+0.00006 against r0)
  rung rG  : mean ΔE over  63 cells 0.01666 (+0.00123 against r0)
  rung rF  : mean ΔE over  63 cells 0.01858 (+0.00315 against r0)

  -- thin cells only (span <= 44) --
  rung r0  : mean ΔE over  45 cells 0.03323 (+0.00000 against r0)
  rung rA  : mean ΔE over  45 cells 0.03323 (-0.00000 against r0)
  rung rE  : mean ΔE over  45 cells 0.03322 (-0.00001 against r0)
  rung rB  : mean ΔE over  45 cells 0.03323 (-0.00000 against r0)
  rung rC  : mean ΔE over  45 cells 0.03323 (+0.00000 against r0)
  rung rC2 : mean ΔE over  45 cells 0.03323 (+0.00000 against r0)
  rung rD  : mean ΔE over  45 cells 0.03324 (+0.00001 against r0)
  rung rG  : mean ΔE over  45 cells 0.03323 (-0.00000 against r0)
  rung rF  : mean ΔE over  45 cells 0.03323 (-0.00000 against r0)
