threshold scan, texture / holdout / checkerboard__glass-over-glass__rest /
apple-macos-26.5-2x-dark-standard, GPU tier. Region area 112416 px. The adopted rung is 0.02; the floor is 0.9257.

    thr  nat area  0.14 area  cand area  nat holes  0.14 holes  cand holes  IoU 0.14  IoU cand     Δ IoU
  0.002    112402     112409     112409          0           0           0   0.99994   0.99994   0.00000
  0.004    112397     112404     112404          0           0           0   0.99994   0.99994   0.00000
  0.006    112396     112402     112402          0           0           0   0.99995   0.99995   0.00000
  0.008    112388     112398     112398          0           0           0   0.99991   0.99991   0.00000
  0.010    112384     112396     112395          0           0           0   0.99989   0.99990   0.00001
  0.012    112382     112393     112393          0           0           0   0.99990   0.99990   0.00000
  0.014    112374     112392     111304          0           0          33   0.99984   0.99016  -0.00968
  0.016    112369     112389     109290          0           0          43   0.99982   0.97228  -0.02754
  0.018    111663     111923     108298          4          16          42   0.98946   0.95721  -0.03226
  0.019    109679     110765     107792         11          32          43   0.96151   0.93507  -0.02644
  0.020    106876     109698     107058         14          39          45   0.92707   0.90362  -0.02346
  0.021    103015     108710     106243         27          43          50   0.88394   0.86202  -0.02192
  0.022    101720     107814     105246         17          43          50   0.86450   0.84165  -0.02285
  0.024     99996      98318      95648         29          66          69   0.87979   0.86847  -0.01132
  0.026     97707      89978      88622         45          70          72   0.91832   0.90468  -0.01365
  0.030     90858      83716      83232         75          76          76   0.91736   0.91209  -0.00527
  0.035     82480      77903      77809         86          84          84   0.93536   0.93439  -0.00097
  0.040     73420      72603      72465         87          89          88   0.95752   0.95682  -0.00070
  0.050     65193      65853      65842         81          79          79   0.96651   0.96649  -0.00002
  0.060     62270      64140      64115         74          81          77   0.95493   0.95464  -0.00030
  0.080     57825      57085      57932         58          54          54   0.97977   0.98343   0.00366

The same scan on HOLE-FILLED masks (the contour axis's own rule, applied to IoU):
    thr  IoU 0.14  IoU cand     Δ IoU
  0.002   0.99994   0.99994   0.00000
  0.004   0.99994   0.99994   0.00000
  0.006   0.99995   0.99995   0.00000
  0.008   0.99991   0.99991   0.00000
  0.010   0.99989   0.99990   0.00001
  0.012   0.99990   0.99990   0.00000
  0.014   0.99984   0.99984   0.00000
  0.016   0.99982   0.99984   0.00002
  0.018   0.99983   0.99983   0.00000
  0.019   0.99982   0.99983   0.00001
  0.020   0.99980   0.99982   0.00002
  0.021   0.99979   0.99980   0.00002
  0.022   0.99979   0.99979   0.00000
  0.024   0.99972   0.99974   0.00003
  0.026   0.99972   0.99974   0.00002
  0.030   0.99967   0.99969   0.00002
  0.035   0.99958   0.99962   0.00004
  0.040   0.99956   0.99940  -0.00015
  0.050   0.99483   0.99484   0.00001
  0.060   0.98550   0.98303  -0.00247
  0.080   0.95435   0.95553   0.00118

What the rule is testing over this backdrop. The checkerboard's dark cell,
in the committed background raster:
  linear luma 0.000000  128000 px of the raster
  linear luma 1.000000  128000 px of the raster
  -> over a cell at linear 0, |own - base| IS the surface's own absolute
     luminance, so the 0.02 rung is an absolute brightness test there.
