 profile scene                                 rim pred  rim meas    resid  hl pred  hl meas    resid  lens meas  lift meas  whole pred  whole meas    resid
 1x-dark checkerboard__capsule-button__rest    +0.00511  +0.00318 +0.00193 +0.00360 +0.00273 +0.00087   -0.00003   +0.00000    +0.00871    +0.00583 +0.00289
 1x-dark checkerboard__rrect-md__rest          +0.00255  +0.00260 -0.00005 +0.00162 +0.00157 +0.00005   +0.00001   +0.00002    +0.00417    +0.00426 -0.00009
 1x-dark dark-solid__rrect-md__rest            +0.08240  +0.08012 +0.00229 +0.05801 +0.05343 +0.00458   +0.00000   +0.00000    +0.14041    +0.13436 +0.00605
 1x-dark impulse__capsule-button__rest         +0.00000  +0.00000 +0.00000 +0.00000 +0.00000 +0.00000   +0.00000   +0.00000    +0.00000    +0.00000 +0.00000
 1x-dark photo__capsule-button__rest           +0.00476  +0.00291 +0.00186 +0.00377 +0.00278 +0.00099   +0.00000   +0.00000    +0.00853    +0.00569 +0.00285
 1x-dark photo__rrect-md__rest                 +0.00268  +0.00266 +0.00002 +0.00165 +0.00153 +0.00012   +0.00019   +0.00001    +0.00433    +0.00442 -0.00009
1x-light checkerboard__capsule-button__rest    +0.00522  +0.00277 +0.00245 +0.00360 +0.00242 +0.00118   -0.00017   +0.00000    +0.00882    +0.00521 +0.00361
1x-light checkerboard__rrect-md__rest          +0.00270  +0.00216 +0.00054 +0.00160 +0.00134 +0.00026   -0.00018   +0.00006    +0.00430    +0.00356 +0.00075
1x-light checkerboard__rrect-ml__rest          +0.00194  +0.00162 +0.00032 +0.00121 +0.00104 +0.00017   -0.00021   +0.00008    +0.00315    +0.00262 +0.00053
1x-light checkerboard__rrect-sm__rest          +0.00788  +0.00592 +0.00196 +0.00454 +0.00395 +0.00060   -0.00006   +0.00000    +0.01242    +0.00999 +0.00243
1x-light dark-solid__rrect-md__rest            +0.00269  +0.00229 +0.00039 +0.00166 +0.00151 +0.00015   +0.00000   +0.00000    +0.00435    +0.00381 +0.00053
1x-light impulse__capsule-button__rest         +0.00000  +0.00000 +0.00000 +0.00000 +0.00000 +0.00000   +0.00000   +0.00000    +0.00000    +0.00000 +0.00000
1x-light impulse__rrect-md__rest               +0.00258  +0.00218 +0.00039 +0.00155 +0.00139 +0.00016   +0.00056   +0.00000    +0.00413    +0.00414 -0.00001
1x-light light-solid__capsule-button__rest     +0.00252  +0.00089 +0.00163 +0.00103 +0.00000 +0.00103   +0.00000   +0.00000    +0.00356    +0.00165 +0.00191
1x-light light-solid__rrect-md__rest           +0.00242  +0.00153 +0.00089 +0.00092 +0.00009 +0.00083   +0.00000   +0.00010    +0.00335    +0.00254 +0.00081
1x-light light-solid__rrect-ml__rest           +0.00175  +0.00110 +0.00065 +0.00064 +0.00007 +0.00057   +0.00000   +0.00012    +0.00239    +0.00185 +0.00054
1x-light photo__capsule-button__rest           +0.00527  +0.00310 +0.00217 +0.00375 +0.00276 +0.00099   -0.00001   +0.00000    +0.00902    +0.00587 +0.00316
1x-light photo__rrect-md__rest                 +0.00270  +0.00234 +0.00036 +0.00164 +0.00150 +0.00014   +0.00299   +0.00003    +0.00434    +0.00684 -0.00250
1x-light photo__rrect-ml__rest                 +0.00193  +0.00171 +0.00022 +0.00121 +0.00113 +0.00009   +0.00206   +0.00005    +0.00314    +0.00495 -0.00180
1x-light photo__rrect-sm__rest                 +0.00783  +0.00664 +0.00119 +0.00507 +0.00459 +0.00048   -0.00209   +0.00000    +0.01290    +0.00920 +0.00370
 2x-dark checkerboard__capsule-button__rest    +0.00519  +0.00325 +0.00194 +0.00374 +0.00286 +0.00088   -0.00002   +0.00000    +0.00893    +0.00612 +0.00281
 2x-dark checkerboard__rrect-md__rest          +0.00268  +0.00275 -0.00007 +0.00166 +0.00169 -0.00002   +0.00003   +0.00001    +0.00435    +0.00451 -0.00016
 2x-dark dark-solid__rrect-md__rest            +0.09440  +0.09566 -0.00126 +0.06505 +0.06545 -0.00040   +0.00000   +0.00000    +0.15944    +0.16074 -0.00129
 2x-dark impulse__capsule-button__rest         +0.00000  +0.00000 +0.00000 +0.00000 +0.00000 +0.00000   +0.00000   +0.00000    +0.00000    +0.00000 +0.00000
 2x-dark photo__capsule-button__rest           +0.00486  +0.00302 +0.00184 +0.00365 +0.00275 +0.00090   -0.00001   +0.00000    +0.00851    +0.00577 +0.00274
 2x-dark photo__rrect-md__rest                 +0.00272  +0.00276 -0.00004 +0.00168 +0.00166 +0.00002   +0.00024   +0.00001    +0.00440    +0.00469 -0.00029
2x-light checkerboard__capsule-button__rest    +0.00525  +0.00271 +0.00254 +0.00332 +0.00234 +0.00098   +0.00014   +0.00000    +0.00857    +0.00538 +0.00318
2x-light checkerboard__rrect-md__rest          +0.00280  +0.00222 +0.00057 +0.00157 +0.00122 +0.00035   -0.00023   +0.00004    +0.00436    +0.00358 +0.00078
2x-light checkerboard__rrect-ml__rest          +0.00208  +0.00166 +0.00041 +0.00121 +0.00096 +0.00025   -0.00009   +0.00006    +0.00329    +0.00281 +0.00047
2x-light checkerboard__rrect-sm__rest          +0.00798  +0.00635 +0.00163 +0.00442 +0.00395 +0.00047   +0.00014   +0.00000    +0.01240    +0.01064 +0.00176
2x-light dark-solid__rrect-md__rest            +0.00274  +0.00251 +0.00023 +0.00170 +0.00164 +0.00007   +0.00000   +0.00000    +0.00444    +0.00419 +0.00026
2x-light impulse__capsule-button__rest         +0.00000  +0.00000 +0.00000 +0.00000 +0.00000 +0.00000   +0.00000   +0.00000    +0.00000    +0.00000 +0.00000
2x-light impulse__rrect-md__rest               +0.00261  +0.00238 +0.00023 +0.00161 +0.00157 +0.00004   +0.00062   +0.00000    +0.00422    +0.00454 -0.00032
2x-light light-solid__capsule-button__rest     +0.00265  +0.00107 +0.00158 +0.00109 +0.00008 +0.00101   +0.00000   +0.00000    +0.00374    +0.00190 +0.00184
2x-light light-solid__rrect-md__rest           +0.00211  +0.00131 +0.00080 +0.00089 +0.00025 +0.00063   +0.00000   +0.00007    +0.00299    +0.00224 +0.00075
2x-light light-solid__rrect-ml__rest           +0.00156  +0.00094 +0.00062 +0.00066 +0.00017 +0.00048   +0.00000   +0.00011    +0.00221    +0.00168 +0.00053
2x-light photo__capsule-button__rest           +0.00527  +0.00313 +0.00214 +0.00383 +0.00280 +0.00103   -0.00018   +0.00000    +0.00910    +0.00595 +0.00315
2x-light photo__rrect-md__rest                 +0.00276  +0.00244 +0.00032 +0.00171 +0.00158 +0.00013   +0.00357   +0.00002    +0.00447    +0.00770 -0.00323
2x-light photo__rrect-ml__rest                 +0.00204  +0.00180 +0.00024 +0.00127 +0.00119 +0.00008   +0.00215   +0.00003    +0.00331    +0.00524 -0.00193
2x-light photo__rrect-sm__rest                 +0.00794  +0.00702 +0.00091 +0.00522 +0.00489 +0.00033   -0.00241   +0.00000    +0.01316    +0.00970 +0.00346
40 cells, 32 skipped; worst whole residual +0.00605 on apple-macos-26.5-1x-dark-standard dark-solid__rrect-md__rest
